0.000000000000000000e+00
5.002501250625312297e-04
1.000500250125062459e-03
1.500750375187593581e-03
2.001000500250124919e-03
2.501250625312656257e-03
3.001500750375187161e-03
3.501750875437718499e-03
4.002001000500249837e-03
4.502251125562781175e-03
5.002501250625312514e-03
5.502751375687843852e-03
6.003001500750374322e-03
6.503251625812905660e-03
7.003501750875436999e-03
7.503751875937968337e-03
8.004002001000499675e-03
8.504252126063030146e-03
9.004502251125562351e-03
9.504752376188092822e-03
1.000500250125062503e-02
1.050525262631315550e-02
1.100550275137568770e-02
1.150575287643821817e-02
1.200600300150074864e-02
1.250625312656328085e-02
1.300650325162581132e-02
1.350675337668834353e-02
1.400700350175087400e-02
1.450725362681340620e-02
1.500750375187593667e-02
1.550775387693846888e-02
1.600800400200099935e-02
1.650825412706352982e-02
1.700850425212606029e-02
1.750875437718859423e-02
1.800900450225112470e-02
1.850925462731365517e-02
1.900950475237618564e-02
1.950975487743871958e-02
2.001000500250125005e-02
2.051025512756378053e-02
2.101050525262631100e-02
2.151075537768884147e-02
2.201100550275137541e-02
2.251125562781390588e-02
2.301150575287643635e-02
2.351175587793896682e-02
2.401200600300149729e-02
2.451225612806403123e-02
2.501250625312656170e-02
2.551275637818909217e-02
2.601300650325162264e-02
2.651325662831415658e-02
2.701350675337668705e-02
2.751375687843921752e-02
2.801400700350174799e-02
2.851425712856427847e-02
2.901450725362681241e-02
2.951475737868934288e-02
3.001500750375187335e-02
3.051525762881440382e-02
3.101550775387693776e-02
3.151575787893946823e-02
3.201600800400199870e-02
3.251625812906452917e-02
3.301650825412705964e-02
3.351675837918959011e-02
3.401700850425212058e-02
3.451725862931465799e-02
3.501750875437718846e-02
3.551775887943971893e-02
3.601800900450224940e-02
3.651825912956477987e-02
3.701850925462731035e-02
3.751875937968984082e-02
3.801900950475237129e-02
3.851925962981490176e-02
3.901950975487743917e-02
3.951975987993996964e-02
4.002001000500250011e-02
4.052026013006503058e-02
4.102051025512756105e-02
4.152076038019009152e-02
4.202101050525262199e-02
4.252126063031515246e-02
4.302151075537768293e-02
4.352176088044022034e-02
4.402201100550275081e-02
4.452226113056528128e-02
4.502251125562781175e-02
4.552276138069034223e-02
4.602301150575287270e-02
4.652326163081540317e-02
4.702351175587793364e-02
4.752376188094046411e-02
4.802401200600299458e-02
4.852426213106553199e-02
4.902451225612806246e-02
4.952476238119059293e-02
5.002501250625312340e-02
5.052526263131565387e-02
5.102551275637818434e-02
5.152576288144071481e-02
5.202601300650324528e-02
5.252626313156577575e-02
5.302651325662831316e-02
5.352676338169084364e-02
5.402701350675337411e-02
5.452726363181590458e-02
5.502751375687843505e-02
5.552776388194096552e-02
5.602801400700349599e-02
5.652826413206602646e-02
5.702851425712855693e-02
5.752876438219109434e-02
5.802901450725362481e-02
5.852926463231615528e-02
5.902951475737868575e-02
5.952976488244121622e-02
6.003001500750374669e-02
6.053026513256627716e-02
6.103051525762880763e-02
6.153076538269133811e-02
6.203101550775387552e-02
6.253126563281639905e-02
6.303151575787893646e-02
6.353176588294145999e-02
6.403201600800399740e-02
6.453226613306653481e-02
6.503251625812905834e-02
6.553276638319159575e-02
6.603301650825411928e-02
6.653326663331665669e-02
6.703351675837918022e-02
6.753376688344171763e-02
6.803401700850424116e-02
6.853426713356677857e-02
6.903451725862931598e-02
6.953476738369183952e-02
7.003501750875437692e-02
7.053526763381690046e-02
7.103551775887943787e-02
7.153576788394196140e-02
7.203601800900449881e-02
7.253626813406702234e-02
7.303651825912955975e-02
7.353676838419209716e-02
7.403701850925462069e-02
7.453726863431715810e-02
7.503751875937968163e-02
7.553776888444221904e-02
7.603801900950474257e-02
7.653826913456727998e-02
7.703851925962980352e-02
7.753876938469234092e-02
7.803901950975487833e-02
7.853926963481740187e-02
7.903951975987993928e-02
7.953976988494246281e-02
8.004002001000500022e-02
8.054027013506752375e-02
8.104052026013006116e-02
8.154077038519258469e-02
8.204102051025512210e-02
8.254127063531765951e-02
8.304152076038018304e-02
8.354177088544272045e-02
8.404202101050524398e-02
8.454227113556778139e-02
8.504252126063030492e-02
8.554277138569284233e-02
8.604302151075536587e-02
8.654327163581790328e-02
8.704352176088044069e-02
8.754377188594296422e-02
8.804402201100550163e-02
8.854427213606802516e-02
8.904452226113056257e-02
8.954477238619308610e-02
9.004502251125562351e-02
9.054527263631814704e-02
9.104552276138068445e-02
9.154577288644322186e-02
9.204602301150574539e-02
9.254627313656828280e-02
9.304652326163080633e-02
9.354677338669334374e-02
9.404702351175586728e-02
9.454727363681840469e-02
9.504752376188092822e-02
9.554777388694346563e-02
9.604802401200598916e-02
9.654827413706852657e-02
9.704852426213106398e-02
9.754877438719358751e-02
9.804902451225612492e-02
9.854927463731864845e-02
9.904952476238118586e-02
9.954977488744370939e-02
1.000500250125062468e-01
1.005502751375687703e-01
1.010505252626313077e-01
1.015507753876938452e-01
1.020510255127563687e-01
1.025512756378189061e-01
1.030515257628814296e-01
1.035517758879439670e-01
1.040520260130064906e-01
1.045522761380690280e-01
1.050525262631315515e-01
1.055527763881940889e-01
1.060530265132566263e-01
1.065532766383191499e-01
1.070535267633816873e-01
1.075537768884442108e-01
1.080540270135067482e-01
1.085542771385692717e-01
1.090545272636318092e-01
1.095547773886943327e-01
1.100550275137568701e-01
1.105552776388194075e-01
1.110555277638819310e-01
1.115557778889444684e-01
1.120560280140069920e-01
1.125562781390695294e-01
1.130565282641320529e-01
1.135567783891945903e-01
1.140570285142571139e-01
1.145572786393196513e-01
1.150575287643821887e-01
1.155577788894447122e-01
1.160580290145072496e-01
1.165582791395697732e-01
1.170585292646323106e-01
1.175587793896948341e-01
1.180590295147573715e-01
1.185592796398198950e-01
1.190595297648824324e-01
1.195597798899449699e-01
1.200600300150074934e-01
1.205602801400700308e-01
1.210605302651325543e-01
1.215607803901950917e-01
1.220610305152576153e-01
1.225612806403201527e-01
1.230615307653826762e-01
1.235617808904452136e-01
1.240620310155077510e-01
1.245622811405702746e-01
1.250625312656327981e-01
1.255627813906953494e-01
1.260630315157578729e-01
1.265632816408203964e-01
1.270635317658829200e-01
1.275637818909454713e-01
1.280640320160079948e-01
1.285642821410705183e-01
1.290645322661330696e-01
1.295647823911955931e-01
1.300650325162581167e-01
1.305652826413206402e-01
1.310655327663831915e-01
1.315657828914457150e-01
1.320660330165082386e-01
1.325662831415707621e-01
1.330665332666333134e-01
1.335667833916958369e-01
1.340670335167583604e-01
1.345672836418209117e-01
1.350675337668834353e-01
1.355677838919459588e-01
1.360680340170084823e-01
1.365682841420710336e-01
1.370685342671335571e-01
1.375687843921960807e-01
1.380690345172586320e-01
1.385692846423211555e-01
1.390695347673836790e-01
1.395697848924462026e-01
1.400700350175087538e-01
1.405702851425712774e-01
1.410705352676338009e-01
1.415707853926963244e-01
1.420710355177588757e-01
1.425712856428213993e-01
1.430715357678839228e-01
1.435717858929464741e-01
1.440720360180089976e-01
1.445722861430715211e-01
1.450725362681340447e-01
1.455727863931965960e-01
1.460730365182591195e-01
1.465732866433216430e-01
1.470735367683841943e-01
1.475737868934467178e-01
1.480740370185092414e-01
1.485742871435717649e-01
1.490745372686343162e-01
1.495747873936968397e-01
1.500750375187593633e-01
1.505752876438218868e-01
1.510755377688844381e-01
1.515757878939469616e-01
1.520760380190094851e-01
1.525762881440720364e-01
1.530765382691345600e-01
1.535767883941970835e-01
1.540770385192596070e-01
1.545772886443221583e-01
1.550775387693846818e-01
1.555777888944472054e-01
1.560780390195097567e-01
1.565782891445722802e-01
1.570785392696348037e-01
1.575787893946973273e-01
1.580790395197598786e-01
1.585792896448224021e-01
1.590795397698849256e-01
1.595797898949474491e-01
1.600800400200100004e-01
1.605802901450725240e-01
1.610805402701350475e-01
1.615807903951975988e-01
1.620810405202601223e-01
1.625812906453226458e-01
1.630815407703851694e-01
1.635817908954477207e-01
1.640820410205102442e-01
1.645822911455727677e-01
1.650825412706353190e-01
1.655827913956978426e-01
1.660830415207603661e-01
1.665832916458228896e-01
1.670835417708854409e-01
1.675837918959479644e-01
1.680840420210104880e-01
1.685842921460730115e-01
1.690845422711355628e-01
1.695847923961980863e-01
1.700850425212606098e-01
1.705852926463231611e-01
1.710855427713856847e-01
1.715857928964482082e-01
1.720860430215107317e-01
1.725862931465732830e-01
1.730865432716358066e-01
1.735867933966983301e-01
1.740870435217608814e-01
1.745872936468234049e-01
1.750875437718859284e-01
1.755877938969484520e-01
1.760880440220110033e-01
1.765882941470735268e-01
1.770885442721360503e-01
1.775887943971985738e-01
1.780890445222611251e-01
1.785892946473236487e-01
1.790895447723861722e-01
1.795897948974487235e-01
1.800900450225112470e-01
1.805902951475737706e-01
1.810905452726362941e-01
1.815907953976988454e-01
1.820910455227613689e-01
1.825912956478238924e-01
1.830915457728864437e-01
1.835917958979489673e-01
1.840920460230114908e-01
1.845922961480740143e-01
1.850925462731365656e-01
1.855927963981990891e-01
1.860930465232616127e-01
1.865932966483241362e-01
1.870935467733866875e-01
1.875937968984492110e-01
1.880940470235117346e-01
1.885942971485742858e-01
1.890945472736368094e-01
1.895947973986993329e-01
1.900950475237618564e-01
1.905952976488244077e-01
1.910955477738869313e-01
1.915957978989494548e-01
1.920960480240119783e-01
1.925962981490745296e-01
1.930965482741370531e-01
1.935967983991995767e-01
1.940970485242621280e-01
1.945972986493246515e-01
1.950975487743871750e-01
1.955977988994496986e-01
1.960980490245122498e-01
1.965982991495747734e-01
1.970985492746372969e-01
1.975987993996998482e-01
1.980990495247623717e-01
1.985992996498248953e-01
1.990995497748874188e-01
1.995997998999499701e-01
2.001000500250124936e-01
2.006003001500750171e-01
2.011005502751375407e-01
2.016008004002000920e-01
2.021010505252626155e-01
2.026013006503251390e-01
2.031015507753876903e-01
2.036018009004502138e-01
2.041020510255127374e-01
2.046023011505752609e-01
2.051025512756378122e-01
2.056028014007003357e-01
2.061030515257628593e-01
2.066033016508254105e-01
2.071035517758879341e-01
2.076038019009504576e-01
2.081040520260129811e-01
2.086043021510755324e-01
2.091045522761380560e-01
2.096048024012005795e-01
2.101050525262631030e-01
2.106053026513256543e-01
2.111055527763881778e-01
2.116058029014507014e-01
2.121060530265132527e-01
2.126063031515757762e-01
2.131065532766382997e-01
2.136068034017008233e-01
2.141070535267633745e-01
2.146073036518258981e-01
2.151075537768884216e-01
2.156078039019509729e-01
2.161080540270134964e-01
2.166083041520760200e-01
2.171085542771385435e-01
2.176088044022010948e-01
2.181090545272636183e-01
2.186093046523261418e-01
2.191095547773886654e-01
2.196098049024512167e-01
2.201100550275137402e-01
2.206103051525762637e-01
2.211105552776388150e-01
2.216108054027013385e-01
2.221110555277638621e-01
2.226113056528263856e-01
2.231115557778889369e-01
2.236118059029514604e-01
2.241120560280139840e-01
2.246123061530765352e-01
2.251125562781390588e-01
2.256128064032015823e-01
2.261130565282641058e-01
2.266133066533266571e-01
2.271135567783891807e-01
2.276138069034517042e-01
2.281140570285142277e-01
2.286143071535767790e-01
2.291145572786393025e-01
2.296148074037018261e-01
2.301150575287643774e-01
2.306153076538269009e-01
2.311155577788894244e-01
2.316158079039519480e-01
2.321160580290144992e-01
2.326163081540770228e-01
2.331165582791395463e-01
2.336168084042020976e-01
2.341170585292646211e-01
2.346173086543271447e-01
2.351175587793896682e-01
2.356178089044522195e-01
2.361180590295147430e-01
2.366183091545772665e-01
2.371185592796397901e-01
2.376188094047023414e-01
2.381190595297648649e-01
2.386193096548273884e-01
2.391195597798899397e-01
2.396198099049524632e-01
2.401200600300149868e-01
2.406203101550775103e-01
2.411205602801400616e-01
2.416208104052025851e-01
2.421210605302651087e-01
2.426213106553276599e-01
2.431215607803901835e-01
2.436218109054527070e-01
2.441220610305152305e-01
2.446223111555777818e-01
2.451225612806403054e-01
2.456228114057028289e-01
2.461230615307653524e-01
2.466233116558279037e-01
2.471235617808904272e-01
2.476238119059529508e-01
2.481240620310155021e-01
2.486243121560780256e-01
2.491245622811405491e-01
2.496248124062030727e-01
2.501250625312655962e-01
2.506253126563281475e-01
2.511255627813906988e-01
2.516258129064531945e-01
2.521260630315157458e-01
2.526263131565782971e-01
2.531265632816407929e-01
2.536268134067033442e-01
2.541270635317658400e-01
2.546273136568283912e-01
2.551275637818909425e-01
2.556278139069534383e-01
2.561280640320159896e-01
2.566283141570785409e-01
2.571285642821410367e-01
2.576288144072035879e-01
2.581290645322661392e-01
2.586293146573286350e-01
2.591295647823911863e-01
2.596298149074536821e-01
2.601300650325162334e-01
2.606303151575787846e-01
2.611305652826412804e-01
2.616308154077038317e-01
2.621310655327663830e-01
2.626313156578288788e-01
2.631315657828914301e-01
2.636318159079539813e-01
2.641320660330164771e-01
2.646323161580790284e-01
2.651325662831415242e-01
2.656328164082040755e-01
2.661330665332666268e-01
2.666333166583291225e-01
2.671335667833916738e-01
2.676338169084542251e-01
2.681340670335167209e-01
2.686343171585792722e-01
2.691345672836418235e-01
2.696348174087043192e-01
2.701350675337668705e-01
2.706353176588294218e-01
2.711355677838919176e-01
2.716358179089544689e-01
2.721360680340169647e-01
2.726363181590795159e-01
2.731365682841420672e-01
2.736368184092045630e-01
2.741370685342671143e-01
2.746373186593296656e-01
2.751375687843921614e-01
2.756378189094547126e-01
2.761380690345172639e-01
2.766383191595797597e-01
2.771385692846423110e-01
2.776388194097048068e-01
2.781390695347673581e-01
2.786393196598299093e-01
2.791395697848924051e-01
2.796398199099549564e-01
2.801400700350175077e-01
2.806403201600800035e-01
2.811405702851425548e-01
2.816408204102051061e-01
2.821410705352676018e-01
2.826413206603301531e-01
2.831415707853926489e-01
2.836418209104552002e-01
2.841420710355177515e-01
2.846423211605802472e-01
2.851425712856427985e-01
2.856428214107053498e-01
2.861430715357678456e-01
2.866433216608303969e-01
2.871435717858929482e-01
2.876438219109554439e-01
2.881440720360179952e-01
2.886443221610805465e-01
2.891445722861430423e-01
2.896448224112055936e-01
2.901450725362680894e-01
2.906453226613306406e-01
2.911455727863931919e-01
2.916458229114556877e-01
2.921460730365182390e-01
2.926463231615807903e-01
2.931465732866432861e-01
2.936468234117058373e-01
2.941470735367683886e-01
2.946473236618308844e-01
2.951475737868934357e-01
2.956478239119559315e-01
2.961480740370184828e-01
2.966483241620810340e-01
2.971485742871435298e-01
2.976488244122060811e-01
2.981490745372686324e-01
2.986493246623311282e-01
2.991495747873936795e-01
2.996498249124562308e-01
3.001500750375187265e-01
3.006503251625812778e-01
3.011505752876437736e-01
3.016508254127063249e-01
3.021510755377688762e-01
3.026513256628313719e-01
3.031515757878939232e-01
3.036518259129564745e-01
3.041520760380189703e-01
3.046523261630815216e-01
3.051525762881440729e-01
3.056528264132065686e-01
3.061530765382691199e-01
3.066533266633316712e-01
3.071535767883941670e-01
3.076538269134567183e-01
3.081540770385192141e-01
3.086543271635817653e-01
3.091545772886443166e-01
3.096548274137068124e-01
3.101550775387693637e-01
3.106553276638319150e-01
3.111555777888944108e-01
3.116558279139569620e-01
3.121560780390195133e-01
3.126563281640820091e-01
3.131565782891445604e-01
3.136568284142070562e-01
3.141570785392696075e-01
3.146573286643321588e-01
3.151575787893946545e-01
3.156578289144572058e-01
3.161580790395197571e-01
3.166583291645822529e-01
3.171585792896448042e-01
3.176588294147073555e-01
3.181590795397698512e-01
3.186593296648324025e-01
3.191595797898948983e-01
3.196598299149574496e-01
3.201600800400200009e-01
3.206603301650824966e-01
3.211605802901450479e-01
3.216608304152075992e-01
3.221610805402700950e-01
3.226613306653326463e-01
3.231615807903951976e-01
3.236618309154576933e-01
3.241620810405202446e-01
3.246623311655827404e-01
3.251625812906452917e-01
3.256628314157078430e-01
3.261630815407703388e-01
3.266633316658328900e-01
3.271635817908954413e-01
3.276638319159579371e-01
3.281640820410204884e-01
3.286643321660830397e-01
3.291645822911455355e-01
3.296648324162080868e-01
3.301650825412706380e-01
3.306653326663331338e-01
3.311655827913956851e-01
3.316658329164581809e-01
3.321660830415207322e-01
3.326663331665832835e-01
3.331665832916457792e-01
3.336668334167083305e-01
3.341670835417708818e-01
3.346673336668333776e-01
3.351675837918959289e-01
3.356678339169584802e-01
3.361680840420209759e-01
3.366683341670835272e-01
3.371685842921460230e-01
3.376688344172085743e-01
3.381690845422711256e-01
3.386693346673336213e-01
3.391695847923961726e-01
3.396698349174587239e-01
3.401700850425212197e-01
3.406703351675837710e-01
3.411705852926463223e-01
3.416708354177088180e-01
3.421710855427713693e-01
3.426713356678338651e-01
3.431715857928964164e-01
3.436718359179589677e-01
3.441720860430214635e-01
3.446723361680840148e-01
3.451725862931465660e-01
3.456728364182090618e-01
3.461730865432716131e-01
3.466733366683341644e-01
3.471735867933966602e-01
3.476738369184592115e-01
3.481740870435217627e-01
3.486743371685842585e-01
3.491745872936468098e-01
3.496748374187093056e-01
3.501750875437718569e-01
3.506753376688344082e-01
3.511755877938969039e-01
3.516758379189594552e-01
3.521760880440220065e-01
3.526763381690845023e-01
3.531765882941470536e-01
3.536768384192096049e-01
3.541770885442721006e-01
3.546773386693346519e-01
3.551775887943971477e-01
3.556778389194596990e-01
3.561780890445222503e-01
3.566783391695847460e-01
3.571785892946472973e-01
3.576788394197098486e-01
3.581790895447723444e-01
3.586793396698348957e-01
3.591795897948974470e-01
3.596798399199599428e-01
3.601800900450224940e-01
3.606803401700849898e-01
3.611805902951475411e-01
3.616808404202100924e-01
3.621810905452725882e-01
3.626813406703351395e-01
3.631815907953976907e-01
3.636818409204601865e-01
3.641820910455227378e-01
3.646823411705852891e-01
3.651825912956477849e-01
3.656828414207103362e-01
3.661830915457728874e-01
3.666833416708353832e-01
3.671835917958979345e-01
3.676838419209604303e-01
3.681840920460229816e-01
3.686843421710855329e-01
3.691845922961480286e-01
3.696848424212105799e-01
3.701850925462731312e-01
3.706853426713356270e-01
3.711855927963981783e-01
3.716858429214607296e-01
3.721860930465232253e-01
3.726863431715857766e-01
3.731865932966482724e-01
3.736868434217108237e-01
3.741870935467733750e-01
3.746873436718358708e-01
3.751875937968984220e-01
3.756878439219609733e-01
3.761880940470234691e-01
3.766883441720860204e-01
3.771885942971485717e-01
3.776888444222110675e-01
3.781890945472736187e-01
3.786893446723361145e-01
3.791895947973986658e-01
3.796898449224612171e-01
3.801900950475237129e-01
3.806903451725862642e-01
3.811905952976488154e-01
3.816908454227113112e-01
3.821910955477738625e-01
3.826913456728364138e-01
3.831915957978989096e-01
3.836918459229614609e-01
3.841920960480239566e-01
3.846923461730865079e-01
3.851925962981490592e-01
3.856928464232115550e-01
3.861930965482741063e-01
3.866933466733366576e-01
3.871935967983991533e-01
3.876938469234617046e-01
3.881940970485242559e-01
3.886943471735867517e-01
3.891945972986493030e-01
3.896948474237118543e-01
3.901950975487743500e-01
3.906953476738369013e-01
3.911955977988993971e-01
3.916958479239619484e-01
3.921960980490244997e-01
3.926963481740869955e-01
3.931965982991495467e-01
3.936968484242120980e-01
3.941970985492745938e-01
3.946973486743371451e-01
3.951975987993996964e-01
3.956978489244621922e-01
3.961980990495247434e-01
3.966983491745872392e-01
3.971985992996497905e-01
3.976988494247123418e-01
3.981990995497748376e-01
3.986993496748373889e-01
3.991995997998999401e-01
3.996998499249624359e-01
4.002001000500249872e-01
4.007003501750875385e-01
4.012006003001500343e-01
4.017008504252125856e-01
4.022011005502750813e-01
4.027013506753376326e-01
4.032016008004001839e-01
4.037018509254626797e-01
4.042021010505252310e-01
4.047023511755877823e-01
4.052026013006502780e-01
4.057028514257128293e-01
4.062031015507753806e-01
4.067033516758378764e-01
4.072036018009004277e-01
4.077038519259629790e-01
4.082041020510254747e-01
4.087043521760880260e-01
4.092046023011505218e-01
4.097048524262130731e-01
4.102051025512756244e-01
4.107053526763381202e-01
4.112056028014006714e-01
4.117058529264632227e-01
4.122061030515257185e-01
4.127063531765882698e-01
4.132066033016508211e-01
4.137068534267133169e-01
4.142071035517758681e-01
4.147073536768383639e-01
4.152076038019009152e-01
4.157078539269634665e-01
4.162081040520259623e-01
4.167083541770885136e-01
4.172086043021510648e-01
4.177088544272135606e-01
4.182091045522761119e-01
4.187093546773386632e-01
4.192096048024011590e-01
4.197098549274637103e-01
4.202101050525262060e-01
4.207103551775887573e-01
4.212106053026513086e-01
4.217108554277138044e-01
4.222111055527763557e-01
4.227113556778389070e-01
4.232116058029014027e-01
4.237118559279639540e-01
4.242121060530265053e-01
4.247123561780890011e-01
4.252126063031515524e-01
4.257128564282141037e-01
4.262131065532765994e-01
4.267133566783391507e-01
4.272136068034016465e-01
4.277138569284641978e-01
4.282141070535267491e-01
4.287143571785892449e-01
4.292146073036517961e-01
4.297148574287143474e-01
4.302151075537768432e-01
4.307153576788393945e-01
4.312156078039019458e-01
4.317158579289644416e-01
4.322161080540269928e-01
4.327163581790894886e-01
4.332166083041520399e-01
4.337168584292145912e-01
4.342171085542770870e-01
4.347173586793396383e-01
4.352176088044021895e-01
4.357178589294646853e-01
4.362181090545272366e-01
4.367183591795897879e-01
4.372186093046522837e-01
4.377188594297148350e-01
4.382191095547773307e-01
4.387193596798398820e-01
4.392196098049024333e-01
4.397198599299649291e-01
4.402201100550274804e-01
4.407203601800900317e-01
4.412206103051525274e-01
4.417208604302150787e-01
4.422211105552776300e-01
4.427213606803401258e-01
4.432216108054026771e-01
4.437218609304652284e-01
4.442221110555277241e-01
4.447223611805902754e-01
4.452226113056527712e-01
4.457228614307153225e-01
4.462231115557778738e-01
4.467233616808403696e-01
4.472236118059029208e-01
4.477238619309654721e-01
4.482241120560279679e-01
4.487243621810905192e-01
4.492246123061530705e-01
4.497248624312155663e-01
4.502251125562781175e-01
4.507253626813406133e-01
4.512256128064031646e-01
4.517258629314657159e-01
4.522261130565282117e-01
4.527263631815907630e-01
4.532266133066533143e-01
4.537268634317158100e-01
4.542271135567783613e-01
4.547273636818409126e-01
4.552276138069034084e-01
4.557278639319659597e-01
4.562281140570284554e-01
4.567283641820910067e-01
4.572286143071535580e-01
4.577288644322160538e-01
4.582291145572786051e-01
4.587293646823411564e-01
4.592296148074036521e-01
4.597298649324662034e-01
4.602301150575287547e-01
4.607303651825912505e-01
4.612306153076538018e-01
4.617308654327162976e-01
4.622311155577788488e-01
4.627313656828414001e-01
4.632316158079038959e-01
4.637318659329664472e-01
4.642321160580289985e-01
4.647323661830914943e-01
4.652326163081540455e-01
4.657328664332165968e-01
4.662331165582790926e-01
4.667333666833416439e-01
4.672336168084041952e-01
4.677338669334666910e-01
4.682341170585292423e-01
4.687343671835917380e-01
4.692346173086542893e-01
4.697348674337168406e-01
4.702351175587793364e-01
4.707353676838418877e-01
4.712356178089044390e-01
4.717358679339669347e-01
4.722361180590294860e-01
4.727363681840920373e-01
4.732366183091545331e-01
4.737368684342170844e-01
4.742371185592795801e-01
4.747373686843421314e-01
4.752376188094046827e-01
4.757378689344671785e-01
4.762381190595297298e-01
4.767383691845922811e-01
4.772386193096547768e-01
4.777388694347173281e-01
4.782391195597798794e-01
4.787393696848423752e-01
4.792396198099049265e-01
4.797398699349674223e-01
4.802401200600299735e-01
4.807403701850925248e-01
4.812406203101550206e-01
4.817408704352175719e-01
4.822411205602801232e-01
4.827413706853426190e-01
4.832416208104051702e-01
4.837418709354677215e-01
4.842421210605302173e-01
4.847423711855927686e-01
4.852426213106553199e-01
4.857428714357178157e-01
4.862431215607803670e-01
4.867433716858428627e-01
4.872436218109054140e-01
4.877438719359679653e-01
4.882441220610304611e-01
4.887443721860930124e-01
4.892446223111555637e-01
4.897448724362180594e-01
4.902451225612806107e-01
4.907453726863431620e-01
4.912456228114056578e-01
4.917458729364682091e-01
4.922461230615307048e-01
4.927463731865932561e-01
4.932466233116558074e-01
4.937468734367183032e-01
4.942471235617808545e-01
4.947473736868434058e-01
4.952476238119059015e-01
4.957478739369684528e-01
4.962481240620310041e-01
4.967483741870934999e-01
4.972486243121560512e-01
4.977488744372185470e-01
4.982491245622810982e-01
4.987493746873436495e-01
4.992496248124061453e-01
4.997498749374686966e-01
5.002501250625311924e-01
5.007503751875937992e-01
5.012506253126562950e-01
5.017508754377187907e-01
5.022511255627813975e-01
5.027513756878438933e-01
5.032516258129063891e-01
5.037518759379689959e-01
5.042521260630314917e-01
5.047523761880939874e-01
5.052526263131565942e-01
5.057528764382190900e-01
5.062531265632815858e-01
5.067533766883440816e-01
5.072536268134066884e-01
5.077538769384691841e-01
5.082541270635316799e-01
5.087543771885942867e-01
5.092546273136567825e-01
5.097548774387192783e-01
5.102551275637818851e-01
5.107553776888443808e-01
5.112556278139068766e-01
5.117558779389694834e-01
5.122561280640319792e-01
5.127563781890944750e-01
5.132566283141570818e-01
5.137568784392195775e-01
5.142571285642820733e-01
5.147573786893446801e-01
5.152576288144071759e-01
5.157578789394696717e-01
5.162581290645322785e-01
5.167583791895947742e-01
5.172586293146572700e-01
5.177588794397198768e-01
5.182591295647823726e-01
5.187593796898448684e-01
5.192596298149073641e-01
5.197598799399699709e-01
5.202601300650324667e-01
5.207603801900949625e-01
5.212606303151575693e-01
5.217608804402200651e-01
5.222611305652825608e-01
5.227613806903451676e-01
5.232616308154076634e-01
5.237618809404701592e-01
5.242621310655327660e-01
5.247623811905952618e-01
5.252626313156577575e-01
5.257628814407203643e-01
5.262631315657828601e-01
5.267633816908453559e-01
5.272636318159079627e-01
5.277638819409704585e-01
5.282641320660329542e-01
5.287643821910955610e-01
5.292646323161580568e-01
5.297648824412205526e-01
5.302651325662830484e-01
5.307653826913456552e-01
5.312656328164081510e-01
5.317658829414706467e-01
5.322661330665332535e-01
5.327663831915957493e-01
5.332666333166582451e-01
5.337668834417208519e-01
5.342671335667833477e-01
5.347673836918458434e-01
5.352676338169084502e-01
5.357678839419709460e-01
5.362681340670334418e-01
5.367683841920960486e-01
5.372686343171585444e-01
5.377688844422210401e-01
5.382691345672836469e-01
5.387693846923461427e-01
5.392696348174086385e-01
5.397698849424712453e-01
5.402701350675337411e-01
5.407703851925962368e-01
5.412706353176588436e-01
5.417708854427213394e-01
5.422711355677838352e-01
5.427713856928463310e-01
5.432716358179089378e-01
5.437718859429714335e-01
5.442721360680339293e-01
5.447723861930965361e-01
5.452726363181590319e-01
5.457728864432215277e-01
5.462731365682841345e-01
5.467733866933466302e-01
5.472736368184091260e-01
5.477738869434717328e-01
5.482741370685342286e-01
5.487743871935967244e-01
5.492746373186593312e-01
5.497748874437218269e-01
5.502751375687843227e-01
5.507753876938469295e-01
5.512756378189094253e-01
5.517758879439719211e-01
5.522761380690345279e-01
5.527763881940970236e-01
5.532766383191595194e-01
5.537768884442221262e-01
5.542771385692846220e-01
5.547773886943471178e-01
5.552776388194096135e-01
5.557778889444722203e-01
5.562781390695347161e-01
5.567783891945972119e-01
5.572786393196598187e-01
5.577788894447223145e-01
5.582791395697848102e-01
5.587793896948474170e-01
5.592796398199099128e-01
5.597798899449724086e-01
5.602801400700350154e-01
5.607803901950975112e-01
5.612806403201600070e-01
5.617808904452226137e-01
5.622811405702851095e-01
5.627813906953476053e-01
5.632816408204102121e-01
5.637818909454727079e-01
5.642821410705352037e-01
5.647823911955978105e-01
5.652826413206603062e-01
5.657828914457228020e-01
5.662831415707852978e-01
5.667833916958479046e-01
5.672836418209104004e-01
5.677838919459728961e-01
5.682841420710355029e-01
5.687843921960979987e-01
5.692846423211604945e-01
5.697848924462231013e-01
5.702851425712855971e-01
5.707853926963480928e-01
5.712856428214106996e-01
5.717858929464731954e-01
5.722861430715356912e-01
5.727863931965982980e-01
5.732866433216607938e-01
5.737868934467232895e-01
5.742871435717858963e-01
5.747873936968483921e-01
5.752876438219108879e-01
5.757878939469734947e-01
5.762881440720359905e-01
5.767883941970984862e-01
5.772886443221610930e-01
5.777888944472235888e-01
5.782891445722860846e-01
5.787893946973485804e-01
5.792896448224111872e-01
5.797898949474736829e-01
5.802901450725361787e-01
5.807903951975987855e-01
5.812906453226612813e-01
5.817908954477237771e-01
5.822911455727863839e-01
5.827913956978488796e-01
5.832916458229113754e-01
5.837918959479739822e-01
5.842921460730364780e-01
5.847923961980989738e-01
5.852926463231615806e-01
5.857928964482240763e-01
5.862931465732865721e-01
5.867933966983491789e-01
5.872936468234116747e-01
5.877938969484741705e-01
5.882941470735367773e-01
5.887943971985992730e-01
5.892946473236617688e-01
5.897948974487242646e-01
5.902951475737868714e-01
5.907953976988493672e-01
5.912956478239118630e-01
5.917958979489744697e-01
5.922961480740369655e-01
5.927963981990994613e-01
5.932966483241620681e-01
5.937968984492245639e-01
5.942971485742870597e-01
5.947973986993496665e-01
5.952976488244121622e-01
5.957978989494746580e-01
5.962981490745372648e-01
5.967983991995997606e-01
5.972986493246622564e-01
5.977988994497248632e-01
5.982991495747873589e-01
5.987993996998498547e-01
5.992996498249124615e-01
5.997998999499749573e-01
6.003001500750374531e-01
6.008004002001000599e-01
6.013006503251625556e-01
6.018009004502250514e-01
6.023011505752875472e-01
6.028014007003501540e-01
6.033016508254126498e-01
6.038019009504751455e-01
6.043021510755377523e-01
6.048024012006002481e-01
6.053026513256627439e-01
6.058029014507253507e-01
6.063031515757878465e-01
6.068034017008503422e-01
6.073036518259129490e-01
6.078039019509754448e-01
6.083041520760379406e-01
6.088044022011005474e-01
6.093046523261630432e-01
6.098049024512255389e-01
6.103051525762881457e-01
6.108054027013506415e-01
6.113056528264131373e-01
6.118059029514757441e-01
6.123061530765382399e-01
6.128064032016007356e-01
6.133066533266633424e-01
6.138069034517258382e-01
6.143071535767883340e-01
6.148074037018508298e-01
6.153076538269134366e-01
6.158079039519759323e-01
6.163081540770384281e-01
6.168084042021010349e-01
6.173086543271635307e-01
6.178089044522260265e-01
6.183091545772886333e-01
6.188094047023511290e-01
6.193096548274136248e-01
6.198099049524762316e-01
6.203101550775387274e-01
6.208104052026012232e-01
6.213106553276638300e-01
6.218109054527263257e-01
6.223111555777888215e-01
6.228114057028514283e-01
6.233116558279139241e-01
6.238119059529764199e-01
6.243121560780390267e-01
6.248124062031015225e-01
6.253126563281640182e-01
6.258129064532265140e-01
6.263131565782891208e-01
6.268134067033516166e-01
6.273136568284141124e-01
6.278139069534767192e-01
6.283141570785392149e-01
6.288144072036017107e-01
6.293146573286643175e-01
6.298149074537268133e-01
6.303151575787893091e-01
6.308154077038519159e-01
6.313156578289144116e-01
6.318159079539769074e-01
6.323161580790395142e-01
6.328164082041020100e-01
6.333166583291645058e-01
6.338169084542271126e-01
6.343171585792896083e-01
6.348174087043521041e-01
6.353176588294147109e-01
6.358179089544772067e-01
6.363181590795397025e-01
6.368184092046023093e-01
6.373186593296648050e-01
6.378189094547273008e-01
6.383191595797897966e-01
6.388194097048524034e-01
6.393196598299148992e-01
6.398199099549773949e-01
6.403201600800400017e-01
6.408204102051024975e-01
6.413206603301649933e-01
6.418209104552276001e-01
6.423211605802900959e-01
6.428214107053525916e-01
6.433216608304151984e-01
6.438219109554776942e-01
6.443221610805401900e-01
6.448224112056027968e-01
6.453226613306652926e-01
6.458229114557277883e-01
6.463231615807903951e-01
6.468234117058528909e-01
6.473236618309153867e-01
6.478239119559779935e-01
6.483241620810404893e-01
6.488244122061029850e-01
6.493246623311654808e-01
6.498249124562280876e-01
6.503251625812905834e-01
6.508254127063530792e-01
6.513256628314156860e-01
6.518259129564781817e-01
6.523261630815406775e-01
6.528264132066032843e-01
6.533266633316657801e-01
6.538269134567282759e-01
6.543271635817908827e-01
6.548274137068533785e-01
6.553276638319158742e-01
6.558279139569784810e-01
6.563281640820409768e-01
6.568284142071034726e-01
6.573286643321660794e-01
6.578289144572285752e-01
6.583291645822910709e-01
6.588294147073536777e-01
6.593296648324161735e-01
6.598299149574786693e-01
6.603301650825412761e-01
6.608304152076037719e-01
6.613306653326662676e-01
6.618309154577287634e-01
6.623311655827913702e-01
6.628314157078538660e-01
6.633316658329163618e-01
6.638319159579789686e-01
6.643321660830414643e-01
6.648324162081039601e-01
6.653326663331665669e-01
6.658329164582290627e-01
6.663331665832915585e-01
6.668334167083541653e-01
6.673336668334166610e-01
6.678339169584791568e-01
6.683341670835417636e-01
6.688344172086042594e-01
6.693346673336667552e-01
6.698349174587293620e-01
6.703351675837918577e-01
6.708354177088543535e-01
6.713356678339169603e-01
6.718359179589794561e-01
6.723361680840419519e-01
6.728364182091045587e-01
6.733366683341670544e-01
6.738369184592295502e-01
6.743371685842920460e-01
6.748374187093546528e-01
6.753376688344171486e-01
6.758379189594796443e-01
6.763381690845422511e-01
6.768384192096047469e-01
6.773386693346672427e-01
6.778389194597298495e-01
6.783391695847923453e-01
6.788394197098548410e-01
6.793396698349174478e-01
6.798399199599799436e-01
6.803401700850424394e-01
6.808404202101050462e-01
6.813406703351675420e-01
6.818409204602300377e-01
6.823411705852926445e-01
6.828414207103551403e-01
6.833416708354176361e-01
6.838419209604802429e-01
6.843421710855427387e-01
6.848424212106052344e-01
6.853426713356677302e-01
6.858429214607303370e-01
6.863431715857928328e-01
6.868434217108553286e-01
6.873436718359179354e-01
6.878439219609804312e-01
6.883441720860429269e-01
6.888444222111055337e-01
6.893446723361680295e-01
6.898449224612305253e-01
6.903451725862931321e-01
6.908454227113556279e-01
6.913456728364181236e-01
6.918459229614807304e-01
6.923461730865432262e-01
6.928464232116057220e-01
6.933466733366683288e-01
6.938469234617308246e-01
6.943471735867933203e-01
6.948474237118559271e-01
6.953476738369184229e-01
6.958479239619809187e-01
6.963481740870435255e-01
6.968484242121060213e-01
6.973486743371685170e-01
6.978489244622310128e-01
6.983491745872936196e-01
6.988494247123561154e-01
6.993496748374186112e-01
6.998499249624812180e-01
7.003501750875437137e-01
7.008504252126062095e-01
7.013506753376688163e-01
7.018509254627313121e-01
7.023511755877938079e-01
7.028514257128564147e-01
7.033516758379189104e-01
7.038519259629814062e-01
7.043521760880440130e-01
7.048524262131065088e-01
7.053526763381690046e-01
7.058529264632316114e-01
7.063531765882941071e-01
7.068534267133566029e-01
7.073536768384192097e-01
7.078539269634817055e-01
7.083541770885442013e-01
7.088544272136066970e-01
7.093546773386693038e-01
7.098549274637317996e-01
7.103551775887942954e-01
7.108554277138569022e-01
7.113556778389193980e-01
7.118559279639818937e-01
7.123561780890445005e-01
7.128564282141069963e-01
7.133566783391694921e-01
7.138569284642320989e-01
7.143571785892945947e-01
7.148574287143570904e-01
7.153576788394196972e-01
7.158579289644821930e-01
7.163581790895446888e-01
7.168584292146072956e-01
7.173586793396697914e-01
7.178589294647322872e-01
7.183591795897948939e-01
7.188594297148573897e-01
7.193596798399198855e-01
7.198599299649824923e-01
7.203601800900449881e-01
7.208604302151074839e-01
7.213606803401699796e-01
7.218609304652325864e-01
7.223611805902950822e-01
7.228614307153575780e-01
7.233616808404201848e-01
7.238619309654826806e-01
7.243621810905451763e-01
7.248624312156077831e-01
7.253626813406702789e-01
7.258629314657327747e-01
7.263631815907953815e-01
7.268634317158578773e-01
7.273636818409203730e-01
7.278639319659829798e-01
7.283641820910454756e-01
7.288644322161079714e-01
7.293646823411705782e-01
7.298649324662330740e-01
7.303651825912955697e-01
7.308654327163581765e-01
7.313656828414206723e-01
7.318659329664831681e-01
7.323661830915457749e-01
7.328664332166082707e-01
7.333666833416707664e-01
7.338669334667332622e-01
7.343671835917958690e-01
7.348674337168583648e-01
7.353676838419208606e-01
7.358679339669834674e-01
7.363681840920459631e-01
7.368684342171084589e-01
7.373686843421710657e-01
7.378689344672335615e-01
7.383691845922960573e-01
7.388694347173586641e-01
7.393696848424211598e-01
7.398699349674836556e-01
7.403701850925462624e-01
7.408704352176087582e-01
7.413706853426712540e-01
7.418709354677338608e-01
7.423711855927963565e-01
7.428714357178588523e-01
7.433716858429214591e-01
7.438719359679839549e-01
7.443721860930464507e-01
7.448724362181089464e-01
7.453726863431715532e-01
7.458729364682340490e-01
7.463731865932965448e-01
7.468734367183591516e-01
7.473736868434216474e-01
7.478739369684841432e-01
7.483741870935467499e-01
7.488744372186092457e-01
7.493746873436717415e-01
7.498749374687343483e-01
7.503751875937968441e-01
7.508754377188593399e-01
7.513756878439219467e-01
7.518759379689844424e-01
7.523761880940469382e-01
7.528764382191095450e-01
7.533766883441720408e-01
7.538769384692345366e-01
7.543771885942971434e-01
7.548774387193596391e-01
7.553776888444221349e-01
7.558779389694847417e-01
7.563781890945472375e-01
7.568784392196097333e-01
7.573786893446722290e-01
7.578789394697348358e-01
7.583791895947973316e-01
7.588794397198598274e-01
7.593796898449224342e-01
7.598799399699849300e-01
7.603801900950474257e-01
7.608804402201100325e-01
7.613806903451725283e-01
7.618809404702350241e-01
7.623811905952976309e-01
7.628814407203601267e-01
7.633816908454226224e-01
7.638819409704852292e-01
7.643821910955477250e-01
7.648824412206102208e-01
7.653826913456728276e-01
7.658829414707353234e-01
7.663831915957978191e-01
7.668834417208604259e-01
7.673836918459229217e-01
7.678839419709854175e-01
7.683841920960479133e-01
7.688844422211105201e-01
7.693846923461730158e-01
7.698849424712355116e-01
7.703851925962981184e-01
7.708854427213606142e-01
7.713856928464231100e-01
7.718859429714857168e-01
7.723861930965482125e-01
7.728864432216107083e-01
7.733866933466733151e-01
7.738869434717358109e-01
7.743871935967983067e-01
7.748874437218609135e-01
7.753876938469234092e-01
7.758879439719859050e-01
7.763881940970485118e-01
7.768884442221110076e-01
7.773886943471735034e-01
7.778889444722361102e-01
7.783891945972986059e-01
7.788894447223611017e-01
7.793896948474237085e-01
7.798899449724862043e-01
7.803901950975487001e-01
7.808904452226111959e-01
7.813906953476738027e-01
7.818909454727362984e-01
7.823911955977987942e-01
7.828914457228614010e-01
7.833916958479238968e-01
7.838919459729863926e-01
7.843921960980489994e-01
7.848924462231114951e-01
7.853926963481739909e-01
7.858929464732365977e-01
7.863931965982990935e-01
7.868934467233615893e-01
7.873936968484241961e-01
7.878939469734866918e-01
7.883941970985491876e-01
7.888944472236117944e-01
7.893946973486742902e-01
7.898949474737367860e-01
7.903951975987993928e-01
7.908954477238618885e-01
7.913956978489243843e-01
7.918959479739869911e-01
7.923961980990494869e-01
7.928964482241119827e-01
7.933966983491744784e-01
7.938969484742370852e-01
7.943971985992995810e-01
7.948974487243620768e-01
7.953976988494246836e-01
7.958979489744871794e-01
7.963981990995496751e-01
7.968984492246122819e-01
7.973986993496747777e-01
7.978989494747372735e-01
7.983991995997998803e-01
7.988994497248623761e-01
7.993996998499248718e-01
7.998999499749874786e-01
8.004002001000499744e-01
8.009004502251124702e-01
8.014007003501750770e-01
8.019009504752375728e-01
8.024012006003000685e-01
8.029014507253626753e-01
8.034017008504251711e-01
8.039019509754876669e-01
8.044022011005501627e-01
8.049024512256127695e-01
8.054027013506752652e-01
8.059029514757377610e-01
8.064032016008003678e-01
8.069034517258628636e-01
8.074037018509253594e-01
8.079039519759879662e-01
8.084042021010504619e-01
8.089044522261129577e-01
8.094047023511755645e-01
8.099049524762380603e-01
8.104052026013005561e-01
8.109054527263631629e-01
8.114057028514256587e-01
8.119059529764881544e-01
8.124062031015507612e-01
8.129064532266132570e-01
8.134067033516757528e-01
8.139069534767383596e-01
8.144072036018008554e-01
8.149074537268633511e-01
8.154077038519259579e-01
8.159079539769884537e-01
8.164082041020509495e-01
8.169084542271134453e-01
8.174087043521760521e-01
8.179089544772385478e-01
8.184092046023010436e-01
8.189094547273636504e-01
8.194097048524261462e-01
8.199099549774886420e-01
8.204102051025512488e-01
8.209104552276137445e-01
8.214107053526762403e-01
8.219109554777388471e-01
8.224112056028013429e-01
8.229114557278638387e-01
8.234117058529264455e-01
8.239119559779889412e-01
8.244122061030514370e-01
8.249124562281140438e-01
8.254127063531765396e-01
8.259129564782390354e-01
8.264132066033016422e-01
8.269134567283641379e-01
8.274137068534266337e-01
8.279139569784892405e-01
8.284142071035517363e-01
8.289144572286142321e-01
8.294147073536767278e-01
8.299149574787393346e-01
8.304152076038018304e-01
8.309154577288643262e-01
8.314157078539269330e-01
8.319159579789894288e-01
8.324162081040519245e-01
8.329164582291145313e-01
8.334167083541770271e-01
8.339169584792395229e-01
8.344172086043021297e-01
8.349174587293646255e-01
8.354177088544271212e-01
8.359179589794897280e-01
8.364182091045522238e-01
8.369184592296147196e-01
8.374187093546773264e-01
8.379189594797398222e-01
8.384192096048023179e-01
8.389194597298649247e-01
8.394197098549274205e-01
8.399199599799899163e-01
8.404202101050524121e-01
8.409204602301150189e-01
8.414207103551775146e-01
8.419209604802400104e-01
8.424212106053026172e-01
8.429214607303651130e-01
8.434217108554276088e-01
8.439219609804902156e-01
8.444222111055527114e-01
8.449224612306152071e-01
8.454227113556778139e-01
8.459229614807403097e-01
8.464232116058028055e-01
8.469234617308654123e-01
8.474237118559279081e-01
8.479239619809904038e-01
8.484242121060530106e-01
8.489244622311155064e-01
8.494247123561780022e-01
8.499249624812406090e-01
8.504252126063031048e-01
8.509254627313656005e-01
8.514257128564282073e-01
8.519259629814907031e-01
8.524262131065531989e-01
8.529264632316156947e-01
8.534267133566783015e-01
8.539269634817407972e-01
8.544272136068032930e-01
8.549274637318658998e-01
8.554277138569283956e-01
8.559279639819908914e-01
8.564282141070534982e-01
8.569284642321159939e-01
8.574287143571784897e-01
8.579289644822410965e-01
8.584292146073035923e-01
8.589294647323660881e-01
8.594297148574286949e-01
8.599299649824911906e-01
8.604302151075536864e-01
8.609304652326162932e-01
8.614307153576787890e-01
8.619309654827412848e-01
8.624312156078038916e-01
8.629314657328663873e-01
8.634317158579288831e-01
8.639319659829913789e-01
8.644322161080539857e-01
8.649324662331164815e-01
8.654327163581789772e-01
8.659329664832415840e-01
8.664332166083040798e-01
8.669334667333665756e-01
8.674337168584291824e-01
8.679339669834916782e-01
8.684342171085541739e-01
8.689344672336167807e-01
8.694347173586792765e-01
8.699349674837417723e-01
8.704352176088043791e-01
8.709354677338668749e-01
8.714357178589293706e-01
8.719359679839919774e-01
8.724362181090544732e-01
8.729364682341169690e-01
8.734367183591795758e-01
8.739369684842420716e-01
8.744372186093045674e-01
8.749374687343671742e-01
8.754377188594296699e-01
8.759379689844921657e-01
8.764382191095546615e-01
8.769384692346172683e-01
8.774387193596797641e-01
8.779389694847422598e-01
8.784392196098048666e-01
8.789394697348673624e-01
8.794397198599298582e-01
8.799399699849924650e-01
8.804402201100549608e-01
8.809404702351174565e-01
8.814407203601800633e-01
8.819409704852425591e-01
8.824412206103050549e-01
8.829414707353676617e-01
8.834417208604301575e-01
8.839419709854926532e-01
8.844422211105552600e-01
8.849424712356177558e-01
8.854427213606802516e-01
8.859429714857428584e-01
8.864432216108053542e-01
8.869434717358678499e-01
8.874437218609304567e-01
8.879439719859929525e-01
8.884442221110554483e-01
8.889444722361179441e-01
8.894447223611805509e-01
8.899449724862430466e-01
8.904452226113055424e-01
8.909454727363681492e-01
8.914457228614306450e-01
8.919459729864931408e-01
8.924462231115557476e-01
8.929464732366182433e-01
8.934467233616807391e-01
8.939469734867433459e-01
8.944472236118058417e-01
8.949474737368683375e-01
8.954477238619309443e-01
8.959479739869934400e-01
8.964482241120559358e-01
8.969484742371185426e-01
8.974487243621810384e-01
8.979489744872435342e-01
8.984492246123061410e-01
8.989494747373686367e-01
8.994497248624311325e-01
8.999499749874936283e-01
9.004502251125562351e-01
9.009504752376187309e-01
9.014507253626812266e-01
9.019509754877438334e-01
9.024512256128063292e-01
9.029514757378688250e-01
9.034517258629314318e-01
9.039519759879939276e-01
9.044522261130564234e-01
9.049524762381190301e-01
9.054527263631815259e-01
9.059529764882440217e-01
9.064532266133066285e-01
9.069534767383691243e-01
9.074537268634316201e-01
9.079539769884942269e-01
9.084542271135567226e-01
9.089544772386192184e-01
9.094547273636818252e-01
9.099549774887443210e-01
9.104552276138068168e-01
9.109554777388694236e-01
9.114557278639319193e-01
9.119559779889944151e-01
9.124562281140569109e-01
9.129564782391195177e-01
9.134567283641820135e-01
9.139569784892445092e-01
9.144572286143071160e-01
9.149574787393696118e-01
9.154577288644321076e-01
9.159579789894947144e-01
9.164582291145572102e-01
9.169584792396197059e-01
9.174587293646823127e-01
9.179589794897448085e-01
9.184592296148073043e-01
9.189594797398699111e-01
9.194597298649324069e-01
9.199599799899949026e-01
9.204602301150575094e-01
9.209604802401200052e-01
9.214607303651825010e-01
9.219609804902451078e-01
9.224612306153076036e-01
9.229614807403700993e-01
9.234617308654325951e-01
9.239619809904952019e-01
9.244622311155576977e-01
9.249624812406201935e-01
9.254627313656828003e-01
9.259629814907452960e-01
9.264632316158077918e-01
9.269634817408703986e-01
9.274637318659328944e-01
9.279639819909953902e-01
9.284642321160579970e-01
9.289644822411204927e-01
9.294647323661829885e-01
9.299649824912455953e-01
9.304652326163080911e-01
9.309654827413705869e-01
9.314657328664331937e-01
9.319659829914956894e-01
9.324662331165581852e-01
9.329664832416207920e-01
9.334667333666832878e-01
9.339669834917457836e-01
9.344672336168083904e-01
9.349674837418708861e-01
9.354677338669333819e-01
9.359679839919958777e-01
9.364682341170584845e-01
9.369684842421209803e-01
9.374687343671834761e-01
9.379689844922460829e-01
9.384692346173085786e-01
9.389694847423710744e-01
9.394697348674336812e-01
9.399699849924961770e-01
9.404702351175586728e-01
9.409704852426212796e-01
9.414707353676837753e-01
9.419709854927462711e-01
9.424712356178088779e-01
9.429714857428713737e-01
9.434717358679338695e-01
9.439719859929964763e-01
9.444722361180589720e-01
9.449724862431214678e-01
9.454727363681840746e-01
9.459729864932465704e-01
9.464732366183090662e-01
9.469734867433716730e-01
9.474737368684341687e-01
9.479739869934966645e-01
9.484742371185591603e-01
9.489744872436217671e-01
9.494747373686842629e-01
9.499749874937467586e-01
9.504752376188093654e-01
9.509754877438718612e-01
9.514757378689343570e-01
9.519759879939969638e-01
9.524762381190594596e-01
9.529764882441219553e-01
9.534767383691845621e-01
9.539769884942470579e-01
9.544772386193095537e-01
9.549774887443721605e-01
9.554777388694346563e-01
9.559779889944971520e-01
9.564782391195597588e-01
9.569784892446222546e-01
9.574787393696847504e-01
9.579789894947473572e-01
9.584792396198098530e-01
9.589794897448723487e-01
9.594797398699348445e-01
9.599799899949974513e-01
9.604802401200599471e-01
9.609804902451224429e-01
9.614807403701850497e-01
9.619809904952475454e-01
9.624812406203100412e-01
9.629814907453726480e-01
9.634817408704351438e-01
9.639819909954976396e-01
9.644822411205602464e-01
9.649824912456227421e-01
9.654827413706852379e-01
9.659829914957478447e-01
9.664832416208103405e-01
9.669834917458728363e-01
9.674837418709354431e-01
9.679839919959979389e-01
9.684842421210604346e-01
9.689844922461230414e-01
9.694847423711855372e-01
9.699849924962480330e-01
9.704852426213106398e-01
9.709854927463731356e-01
9.714857428714356313e-01
9.719859929964981271e-01
9.724862431215607339e-01
9.729864932466232297e-01
9.734867433716857255e-01
9.739869934967483323e-01
9.744872436218108280e-01
9.749874937468733238e-01
9.754877438719359306e-01
9.759879939969984264e-01
9.764882441220609222e-01
9.769884942471235290e-01
9.774887443721860247e-01
9.779889944972485205e-01
9.784892446223111273e-01
9.789894947473736231e-01
9.794897448724361189e-01
9.799899949974987257e-01
9.804902451225612214e-01
9.809904952476237172e-01
9.814907453726863240e-01
9.819909954977488198e-01
9.824912456228113156e-01
9.829914957478738113e-01
9.834917458729364181e-01
9.839919959979989139e-01
9.844922461230614097e-01
9.849924962481240165e-01
9.854927463731865123e-01
9.859929964982490080e-01
9.864932466233116148e-01
9.869934967483741106e-01
9.874937468734366064e-01
9.879939969984992132e-01
9.884942471235617090e-01
9.889944972486242047e-01
9.894947473736868115e-01
9.899949974987493073e-01
9.904952476238118031e-01
9.909954977488744099e-01
9.914957478739369057e-01
9.919959979989994014e-01
9.924962481240620082e-01
9.929964982491245040e-01
9.934967483741869998e-01
9.939969984992496066e-01
9.944972486243121024e-01
9.949974987493745981e-01
9.954977488744370939e-01
9.959979989994997007e-01
9.964982491245621965e-01
9.969984992496246923e-01
9.974987493746872991e-01
9.979989994997497949e-01
9.984992496248122906e-01
9.989994997498748974e-01
9.994997498749373932e-01
1.000000000000000000e+00
