-1.800000000000000000e+02
-1.798199099549774758e+02
-1.796398199099549799e+02
-1.794597298649324557e+02
-1.792796398199099599e+02
-1.790995497748874357e+02
-1.789194597298649398e+02
-1.787393696848424156e+02
-1.785592796398199198e+02
-1.783791895947973956e+02
-1.781990995497748997e+02
-1.780190095047523755e+02
-1.778389194597298513e+02
-1.776588294147073555e+02
-1.774787393696848312e+02
-1.772986493246623354e+02
-1.771185592796398112e+02
-1.769384692346173154e+02
-1.767583791895947911e+02
-1.765782891445722953e+02
-1.763981990995497711e+02
-1.762181090545272752e+02
-1.760380190095047510e+02
-1.758579289644822552e+02
-1.756778389194597310e+02
-1.754977488744372067e+02
-1.753176588294147109e+02
-1.751375687843921867e+02
-1.749574787393696909e+02
-1.747773886943471666e+02
-1.745972986493246708e+02
-1.744172086043021466e+02
-1.742371185592796508e+02
-1.740570285142571265e+02
-1.738769384692346307e+02
-1.736968484242121065e+02
-1.735167583791895822e+02
-1.733366683341670864e+02
-1.731565782891445622e+02
-1.729764882441220664e+02
-1.727963981990995421e+02
-1.726163081540770463e+02
-1.724362181090545221e+02
-1.722561280640320263e+02
-1.720760380190095020e+02
-1.718959479739870062e+02
-1.717158579289644820e+02
-1.715357678839419577e+02
-1.713556778389194619e+02
-1.711755877938969377e+02
-1.709954977488744419e+02
-1.708154077038519176e+02
-1.706353176588294218e+02
-1.704552276138068976e+02
-1.702751375687844018e+02
-1.700950475237618775e+02
-1.699149574787393817e+02
-1.697348674337168575e+02
-1.695547773886943332e+02
-1.693746873436718374e+02
-1.691945972986493132e+02
-1.690145072536268174e+02
-1.688344172086042931e+02
-1.686543271635817973e+02
-1.684742371185592731e+02
-1.682941470735367773e+02
-1.681140570285142530e+02
-1.679339669834917572e+02
-1.677538769384692330e+02
-1.675737868934467372e+02
-1.673936968484242129e+02
-1.672136068034016887e+02
-1.670335167583791929e+02
-1.668534267133566686e+02
-1.666733366683341728e+02
-1.664932466233116486e+02
-1.663131565782891528e+02
-1.661330665332666285e+02
-1.659529764882441327e+02
-1.657728864432216085e+02
-1.655927963981991127e+02
-1.654127063531765884e+02
-1.652326163081540926e+02
-1.650525262631315684e+02
-1.648724362181090441e+02
-1.646923461730865483e+02
-1.645122561280640241e+02
-1.643321660830415283e+02
-1.641520760380190040e+02
-1.639719859929965082e+02
-1.637918959479739840e+02
-1.636118059029514882e+02
-1.634317158579289639e+02
-1.632516258129064681e+02
-1.630715357678839439e+02
-1.628914457228614197e+02
-1.627113556778389238e+02
-1.625312656328163996e+02
-1.623511755877939038e+02
-1.621710855427713796e+02
-1.619909954977488837e+02
-1.618109054527263595e+02
-1.616308154077038637e+02
-1.614507253626813394e+02
-1.612706353176588436e+02
-1.610905452726363194e+02
-1.609104552276137952e+02
-1.607303651825912993e+02
-1.605502751375687751e+02
-1.603701850925462793e+02
-1.601900950475237551e+02
-1.600100050025012592e+02
-1.598299149574787350e+02
-1.596498249124562392e+02
-1.594697348674337150e+02
-1.592896448224112191e+02
-1.591095547773886949e+02
-1.589294647323661707e+02
-1.587493746873436749e+02
-1.585692846423211506e+02
-1.583891945972986548e+02
-1.582091045522761306e+02
-1.580290145072536347e+02
-1.578489244622311105e+02
-1.576688344172086147e+02
-1.574887443721860905e+02
-1.573086543271635946e+02
-1.571285642821410704e+02
-1.569484742371185462e+02
-1.567683841920960504e+02
-1.565882941470735261e+02
-1.564082041020510303e+02
-1.562281140570285061e+02
-1.560480240120060103e+02
-1.558679339669834860e+02
-1.556878439219609902e+02
-1.555077538769384660e+02
-1.553276638319159701e+02
-1.551475737868934459e+02
-1.549674837418709217e+02
-1.547873936968484259e+02
-1.546073036518259300e+02
-1.544272136068034058e+02
-1.542471235617808816e+02
-1.540670335167583858e+02
-1.538869434717358615e+02
-1.537068534267133657e+02
-1.535267633816908415e+02
-1.533466733366683457e+02
-1.531665832916458214e+02
-1.529864932466232972e+02
-1.528064032016008014e+02
-1.526263131565783056e+02
-1.524462231115557813e+02
-1.522661330665332571e+02
-1.520860430215107613e+02
-1.519059529764882370e+02
-1.517258629314657412e+02
-1.515457728864432170e+02
-1.513656828414207212e+02
-1.511855927963981969e+02
-1.510055027513757011e+02
-1.508254127063531769e+02
-1.506453226613306811e+02
-1.504652326163081568e+02
-1.502851425712856326e+02
-1.501050525262631368e+02
-1.499249624812406125e+02
-1.497448724362181167e+02
-1.495647823911955925e+02
-1.493846923461730967e+02
-1.492046023011505724e+02
-1.490245122561280766e+02
-1.488444222111055524e+02
-1.486643321660830566e+02
-1.484842421210605323e+02
-1.483041520760380081e+02
-1.481240620310155123e+02
-1.479439719859929880e+02
-1.477638819409704922e+02
-1.475837918959479680e+02
-1.474037018509254722e+02
-1.472236118059029479e+02
-1.470435217608804521e+02
-1.468634317158579279e+02
-1.466833416708354321e+02
-1.465032516258129078e+02
-1.463231615807903836e+02
-1.461430715357678878e+02
-1.459629814907453920e+02
-1.457828914457228677e+02
-1.456028014007003435e+02
-1.454227113556778477e+02
-1.452426213106553234e+02
-1.450625312656328276e+02
-1.448824412206103034e+02
-1.447023511755878076e+02
-1.445222611305652833e+02
-1.443421710855427591e+02
-1.441620810405202633e+02
-1.439819909954977675e+02
-1.438019009504752432e+02
-1.436218109054527190e+02
-1.434417208604302232e+02
-1.432616308154076989e+02
-1.430815407703852031e+02
-1.429014507253626789e+02
-1.427213606803401831e+02
-1.425412706353176588e+02
-1.423611805902951346e+02
-1.421810905452726388e+02
-1.420010005002501430e+02
-1.418209104552276187e+02
-1.416408204102050945e+02
-1.414607303651825987e+02
-1.412806403201600745e+02
-1.411005502751375786e+02
-1.409204602301150544e+02
-1.407403701850925586e+02
-1.405602801400700343e+02
-1.403801900950475101e+02
-1.402001000500250143e+02
-1.400200100050025185e+02
-1.398399199599799942e+02
-1.396598299149574700e+02
-1.394797398699349742e+02
-1.392996498249124500e+02
-1.391195597798899541e+02
-1.389394697348674299e+02
-1.387593796898449341e+02
-1.385792896448224099e+02
-1.383991995997998856e+02
-1.382191095547773898e+02
-1.380390195097548940e+02
-1.378589294647323698e+02
-1.376788394197098455e+02
-1.374987493746873497e+02
-1.373186593296648255e+02
-1.371385692846423296e+02
-1.369584792396198054e+02
-1.367783891945973096e+02
-1.365982991495747854e+02
-1.364182091045522611e+02
-1.362381190595297653e+02
-1.360580290145072695e+02
-1.358779389694847453e+02
-1.356978489244622210e+02
-1.355177588794397252e+02
-1.353376688344172010e+02
-1.351575787893947052e+02
-1.349774887443721809e+02
-1.347973986993496851e+02
-1.346173086543271609e+02
-1.344372186093046651e+02
-1.342571285642821408e+02
-1.340770385192596450e+02
-1.338969484742371208e+02
-1.337168584292145965e+02
-1.335367683841921007e+02
-1.333566783391695765e+02
-1.331765882941470807e+02
-1.329964982491245564e+02
-1.328164082041020606e+02
-1.326363181590795364e+02
-1.324562281140570406e+02
-1.322761380690345163e+02
-1.320960480240120205e+02
-1.319159579789894963e+02
-1.317358679339669720e+02
-1.315557778889444762e+02
-1.313756878439219804e+02
-1.311955977988994562e+02
-1.310155077538769319e+02
-1.308354177088544361e+02
-1.306553276638319119e+02
-1.304752376188094161e+02
-1.302951475737868918e+02
-1.301150575287643960e+02
-1.299349674837418718e+02
-1.297548774387193475e+02
-1.295747873936968517e+02
-1.293946973486743559e+02
-1.292146073036518317e+02
-1.290345172586293074e+02
-1.288544272136068116e+02
-1.286743371685842874e+02
-1.284942471235617916e+02
-1.283141570785392673e+02
-1.281340670335167715e+02
-1.279539769884942473e+02
-1.277738869434717373e+02
-1.275937968984492272e+02
-1.274137068534267172e+02
-1.272336168084042072e+02
-1.270535267633816829e+02
-1.268734367183591871e+02
-1.266933466733366629e+02
-1.265132566283141671e+02
-1.263331665832916428e+02
-1.261530765382691470e+02
-1.259729864932466228e+02
-1.257928964482241128e+02
-1.256128064032016027e+02
-1.254327163581790927e+02
-1.252526263131565827e+02
-1.250725362681340727e+02
-1.248924462231115626e+02
-1.247123561780890384e+02
-1.245322661330665426e+02
-1.243521760880440183e+02
-1.241720860430215225e+02
-1.239919959979989983e+02
-1.238119059529764883e+02
-1.236318159079539782e+02
-1.234517258629314682e+02
-1.232716358179089582e+02
-1.230915457728864482e+02
-1.229114557278639381e+02
-1.227313656828414139e+02
-1.225512756378189181e+02
-1.223711855927963938e+02
-1.221910955477738980e+02
-1.220110055027513738e+02
-1.218309154577288638e+02
-1.216508254127063537e+02
-1.214707353676838437e+02
-1.212906453226613337e+02
-1.211105552776388237e+02
-1.209304652326163136e+02
-1.207503751875937894e+02
-1.205702851425712936e+02
-1.203901950975487694e+02
-1.202101050525262735e+02
-1.200300150075037493e+02
-1.198499249624812535e+02
-1.196698349174587293e+02
-1.194897448724362192e+02
-1.193096548274137092e+02
-1.191295647823911992e+02
-1.189494747373686891e+02
-1.187693846923461791e+02
-1.185892946473236691e+02
-1.184092046023011449e+02
-1.182291145572786490e+02
-1.180490245122561248e+02
-1.178689344672336290e+02
-1.176888444222111048e+02
-1.175087543771885947e+02
-1.173286643321660847e+02
-1.171485742871435747e+02
-1.169684842421210647e+02
-1.167883941970985546e+02
-1.166083041520760446e+02
-1.164282141070535204e+02
-1.162481240620310246e+02
-1.160680340170085003e+02
-1.158879439719859903e+02
-1.157078539269634803e+02
-1.155277638819409702e+02
-1.153476738369184602e+02
-1.151675837918959502e+02
-1.149874937468734402e+02
-1.148074037018509301e+02
-1.146273136568284201e+02
-1.144472236118059101e+02
-1.142671335667834001e+02
-1.140870435217608900e+02
-1.139069534767383658e+02
-1.137268634317158558e+02
-1.135467733866933457e+02
-1.133666833416708357e+02
-1.131865932966483257e+02
-1.130065032516258157e+02
-1.128264132066033056e+02
-1.126463231615807956e+02
-1.124662331165582856e+02
-1.122861430715357756e+02
-1.121060530265132655e+02
-1.119259629814907555e+02
-1.117458729364682313e+02
-1.115657828914457212e+02
-1.113856928464232112e+02
-1.112056028014007012e+02
-1.110255127563781912e+02
-1.108454227113556811e+02
-1.106653326663331711e+02
-1.104852426213106611e+02
-1.103051525762881511e+02
-1.101250625312656410e+02
-1.099449724862431310e+02
-1.097648824412206068e+02
-1.095847923961980968e+02
-1.094047023511755867e+02
-1.092246123061530767e+02
-1.090445222611305667e+02
-1.088644322161080567e+02
-1.086843421710855466e+02
-1.085042521260630366e+02
-1.083241620810405266e+02
-1.081440720360180165e+02
-1.079639819909955065e+02
-1.077838919459729965e+02
-1.076038019009504723e+02
-1.074237118559279622e+02
-1.072436218109054522e+02
-1.070635317658829422e+02
-1.068834417208604322e+02
-1.067033516758379221e+02
-1.065232616308154121e+02
-1.063431715857929021e+02
-1.061630815407703921e+02
-1.059829914957478820e+02
-1.058029014507253720e+02
-1.056228114057028620e+02
-1.054427213606803377e+02
-1.052626313156578277e+02
-1.050825412706353177e+02
-1.049024512256128077e+02
-1.047223611805902976e+02
-1.045422711355677876e+02
-1.043621810905452776e+02
-1.041820910455227676e+02
-1.040020010005002575e+02
-1.038219109554777475e+02
-1.036418209104552375e+02
-1.034617308654327132e+02
-1.032816408204102032e+02
-1.031015507753876932e+02
-1.029214607303651832e+02
-1.027413706853426731e+02
-1.025612806403201631e+02
-1.023811905952976531e+02
-1.022011005502751431e+02
-1.020210105052526330e+02
-1.018409204602301230e+02
-1.016608304152076130e+02
-1.014807403701851030e+02
-1.013006503251625787e+02
-1.011205602801400687e+02
-1.009404702351175587e+02
-1.007603801900950486e+02
-1.005802901450725386e+02
-1.004002001000500286e+02
-1.002201100550275186e+02
-1.000400200100050085e+02
-9.985992996498249852e+01
-9.967983991995998849e+01
-9.949974987493747847e+01
-9.931965982991496844e+01
-9.913956978489244420e+01
-9.895947973986993418e+01
-9.877938969484742415e+01
-9.859929964982491413e+01
-9.841920960480240410e+01
-9.823911955977989408e+01
-9.805902951475738405e+01
-9.787893946973487402e+01
-9.769884942471236400e+01
-9.751875937968985397e+01
-9.733866933466734395e+01
-9.715857928964481971e+01
-9.697848924462230968e+01
-9.679839919959979966e+01
-9.661830915457728963e+01
-9.643821910955477961e+01
-9.625812906453226958e+01
-9.607803901950975956e+01
-9.589794897448724953e+01
-9.571785892946473950e+01
-9.553776888444222948e+01
-9.535767883941971945e+01
-9.517758879439720943e+01
-9.499749874937468519e+01
-9.481740870435217516e+01
-9.463731865932966514e+01
-9.445722861430715511e+01
-9.427713856928464509e+01
-9.409704852426213506e+01
-9.391695847923962504e+01
-9.373686843421711501e+01
-9.355677838919460498e+01
-9.337668834417209496e+01
-9.319659829914958493e+01
-9.301650825412706070e+01
-9.283641820910455067e+01
-9.265632816408204064e+01
-9.247623811905953062e+01
-9.229614807403702059e+01
-9.211605802901451057e+01
-9.193596798399200054e+01
-9.175587793896949051e+01
-9.157578789394698049e+01
-9.139569784892447046e+01
-9.121560780390196044e+01
-9.103551775887945041e+01
-9.085542771385692618e+01
-9.067533766883441615e+01
-9.049524762381190612e+01
-9.031515757878939610e+01
-9.013506753376688607e+01
-8.995497748874437605e+01
-8.977488744372186602e+01
-8.959479739869935599e+01
-8.941470735367684597e+01
-8.923461730865433594e+01
-8.905452726363182592e+01
-8.887443721860931589e+01
-8.869434717358679165e+01
-8.851425712856428163e+01
-8.833416708354177160e+01
-8.815407703851926158e+01
-8.797398699349675155e+01
-8.779389694847424153e+01
-8.761380690345173150e+01
-8.743371685842922147e+01
-8.725362681340671145e+01
-8.707353676838420142e+01
-8.689344672336169140e+01
-8.671335667833916716e+01
-8.653326663331665713e+01
-8.635317658829414711e+01
-8.617308654327163708e+01
-8.599299649824912706e+01
-8.581290645322661703e+01
-8.563281640820410701e+01
-8.545272636318159698e+01
-8.527263631815908695e+01
-8.509254627313657693e+01
-8.491245622811406690e+01
-8.473236618309155688e+01
-8.455227613806903264e+01
-8.437218609304652261e+01
-8.419209604802401259e+01
-8.401200600300150256e+01
-8.383191595797899254e+01
-8.365182591295648251e+01
-8.347173586793397249e+01
-8.329164582291146246e+01
-8.311155577788895243e+01
-8.293146573286644241e+01
-8.275137568784393238e+01
-8.257128564282142236e+01
-8.239119559779889812e+01
-8.221110555277638809e+01
-8.203101550775387807e+01
-8.185092546273136804e+01
-8.167083541770885802e+01
-8.149074537268634799e+01
-8.131065532766383797e+01
-8.113056528264132794e+01
-8.095047523761881791e+01
-8.077038519259630789e+01
-8.059029514757379786e+01
-8.041020510255127363e+01
-8.023011505752876360e+01
-8.005002501250625357e+01
-7.986993496748374355e+01
-7.968984492246123352e+01
-7.950975487743872350e+01
-7.932966483241621347e+01
-7.914957478739370345e+01
-7.896948474237119342e+01
-7.878939469734868339e+01
-7.860930465232617337e+01
-7.842921460730366334e+01
-7.824912456228113911e+01
-7.806903451725862908e+01
-7.788894447223611905e+01
-7.770885442721360903e+01
-7.752876438219109900e+01
-7.734867433716858898e+01
-7.716858429214607895e+01
-7.698849424712356893e+01
-7.680840420210105890e+01
-7.662831415707854887e+01
-7.644822411205603885e+01
-7.626813406703351461e+01
-7.608804402201100459e+01
-7.590795397698849456e+01
-7.572786393196598453e+01
-7.554777388694347451e+01
-7.536768384192096448e+01
-7.518759379689845446e+01
-7.500750375187594443e+01
-7.482741370685343441e+01
-7.464732366183092438e+01
-7.446723361680841435e+01
-7.428714357178590433e+01
-7.410705352676338009e+01
-7.392696348174087007e+01
-7.374687343671836004e+01
-7.356678339169585001e+01
-7.338669334667333999e+01
-7.320660330165082996e+01
-7.302651325662831994e+01
-7.284642321160580991e+01
-7.266633316658329989e+01
-7.248624312156078986e+01
-7.230615307653827983e+01
-7.212606303151576981e+01
-7.194597298649324557e+01
-7.176588294147073555e+01
-7.158579289644822552e+01
-7.140570285142571549e+01
-7.122561280640320547e+01
-7.104552276138069544e+01
-7.086543271635818542e+01
-7.068534267133567539e+01
-7.050525262631316536e+01
-7.032516258129065534e+01
-7.014507253626814531e+01
-6.996498249124562108e+01
-6.978489244622311105e+01
-6.960480240120060103e+01
-6.942471235617809100e+01
-6.924462231115558097e+01
-6.906453226613307095e+01
-6.888444222111056092e+01
-6.870435217608805090e+01
-6.852426213106554087e+01
-6.834417208604303084e+01
-6.816408204102052082e+01
-6.798399199599801079e+01
-6.780390195097548656e+01
-6.762381190595297653e+01
-6.744372186093046651e+01
-6.726363181590795648e+01
-6.708354177088544645e+01
-6.690345172586293643e+01
-6.672336168084042640e+01
-6.654327163581791638e+01
-6.636318159079540635e+01
-6.618309154577289632e+01
-6.600300150075038630e+01
-6.582291145572787627e+01
-6.564282141070535204e+01
-6.546273136568284201e+01
-6.528264132066033198e+01
-6.510255127563782196e+01
-6.492246123061531193e+01
-6.474237118559280191e+01
-6.456228114057029188e+01
-6.438219109554778186e+01
-6.420210105052527183e+01
-6.402201100550276180e+01
-6.384192096048025178e+01
-6.366183091545772754e+01
-6.348174087043521752e+01
-6.330165082541270749e+01
-6.312156078039019746e+01
-6.294147073536768744e+01
-6.276138069034517741e+01
-6.258129064532266739e+01
-6.240120060030015736e+01
-6.222111055527764734e+01
-6.204102051025513731e+01
-6.186093046523262728e+01
-6.168084042021011726e+01
-6.150075037518759302e+01
-6.132066033016508300e+01
-6.114057028514257297e+01
-6.096048024012006294e+01
-6.078039019509755292e+01
-6.060030015007504289e+01
-6.042021010505253287e+01
-6.024012006003002284e+01
-6.006003001500751282e+01
-5.987993996998500279e+01
-5.969984992496249276e+01
-5.951975987993998274e+01
-5.933966983491745850e+01
-5.915957978989494848e+01
-5.897948974487243845e+01
-5.879939969984992842e+01
-5.861930965482741840e+01
-5.843921960980490837e+01
-5.825912956478239835e+01
-5.807903951975988832e+01
-5.789894947473737830e+01
-5.771885942971486827e+01
-5.753876938469235824e+01
-5.735867933966983401e+01
-5.717858929464732398e+01
-5.699849924962481396e+01
-5.681840920460230393e+01
-5.663831915957979390e+01
-5.645822911455728388e+01
-5.627813906953477385e+01
-5.609804902451226383e+01
-5.591795897948975380e+01
-5.573786893446724378e+01
-5.555777888944473375e+01
-5.537768884442222372e+01
-5.519759879939969949e+01
-5.501750875437718946e+01
-5.483741870935467944e+01
-5.465732866433216941e+01
-5.447723861930965938e+01
-5.429714857428714936e+01
-5.411705852926463933e+01
-5.393696848424212931e+01
-5.375687843921961928e+01
-5.357678839419710926e+01
-5.339669834917459923e+01
-5.321660830415208920e+01
-5.303651825912956497e+01
-5.285642821410705494e+01
-5.267633816908454492e+01
-5.249624812406203489e+01
-5.231615807903952486e+01
-5.213606803401701484e+01
-5.195597798899450481e+01
-5.177588794397198058e+01
-5.159579789894948476e+01
-5.141570785392696052e+01
-5.123561780890446471e+01
-5.105552776388194047e+01
-5.087543771885944466e+01
-5.069534767383692042e+01
-5.051525762881442461e+01
-5.033516758379190037e+01
-5.015507753876940455e+01
-4.997498749374688032e+01
-4.979489744872435608e+01
-4.961480740370186027e+01
-4.943471735867933603e+01
-4.925462731365684022e+01
-4.907453726863431598e+01
-4.889444722361182016e+01
-4.871435717858929593e+01
-4.853426713356680011e+01
-4.835417708854427588e+01
-4.817408704352178006e+01
-4.799399699849925582e+01
-4.781390695347673159e+01
-4.763381690845423577e+01
-4.745372686343171154e+01
-4.727363681840921572e+01
-4.709354677338669148e+01
-4.691345672836419567e+01
-4.673336668334167143e+01
-4.655327663831917562e+01
-4.637318659329665138e+01
-4.619309654827415557e+01
-4.601300650325163133e+01
-4.583291645822910709e+01
-4.565282641320661128e+01
-4.547273636818408704e+01
-4.529264632316159123e+01
-4.511255627813906699e+01
-4.493246623311657117e+01
-4.475237618809404694e+01
-4.457228614307155112e+01
-4.439219609804902689e+01
-4.421210605302653107e+01
-4.403201600800400684e+01
-4.385192596298151102e+01
-4.367183591795898678e+01
-4.349174587293646255e+01
-4.331165582791396673e+01
-4.313156578289144250e+01
-4.295147573786894668e+01
-4.277138569284642244e+01
-4.259129564782392663e+01
-4.241120560280140239e+01
-4.223111555777890658e+01
-4.205102551275638234e+01
-4.187093546773388653e+01
-4.169084542271136229e+01
-4.151075537768883805e+01
-4.133066533266634224e+01
-4.115057528764381800e+01
-4.097048524262132219e+01
-4.079039519759879795e+01
-4.061030515257630213e+01
-4.043021510755377790e+01
-4.025012506253128208e+01
-4.007003501750875785e+01
-3.988994497248626203e+01
-3.970985492746373779e+01
-3.952976488244121356e+01
-3.934967483741871774e+01
-3.916958479239619351e+01
-3.898949474737369769e+01
-3.880940470235117346e+01
-3.862931465732867764e+01
-3.844922461230615340e+01
-3.826913456728365759e+01
-3.808904452226113335e+01
-3.790895447723863754e+01
-3.772886443221611330e+01
-3.754877438719361749e+01
-3.736868434217109325e+01
-3.718859429714856901e+01
-3.700850425212607320e+01
-3.682841420710354896e+01
-3.664832416208105315e+01
-3.646823411705852891e+01
-3.628814407203603309e+01
-3.610805402701350886e+01
-3.592796398199101304e+01
-3.574787393696848881e+01
-3.556778389194599299e+01
-3.538769384692346875e+01
-3.520760380190094452e+01
-3.502751375687844870e+01
-3.484742371185592447e+01
-3.466733366683342865e+01
-3.448724362181090441e+01
-3.430715357678840860e+01
-3.412706353176588436e+01
-3.394697348674338855e+01
-3.376688344172086431e+01
-3.358679339669836850e+01
-3.340670335167584426e+01
-3.322661330665332002e+01
-3.304652326163082421e+01
-3.286643321660829997e+01
-3.268634317158580416e+01
-3.250625312656327992e+01
-3.232616308154078411e+01
-3.214607303651825987e+01
-3.196598299149576405e+01
-3.178589294647323982e+01
-3.160580290145074400e+01
-3.142571285642821977e+01
-3.124562281140572395e+01
-3.106553276638319971e+01
-3.088544272136067548e+01
-3.070535267633817966e+01
-3.052526263131565543e+01
-3.034517258629315961e+01
-3.016508254127063537e+01
-2.998499249624813956e+01
-2.980490245122561532e+01
-2.962481240620311951e+01
-2.944472236118059527e+01
-2.926463231615809946e+01
-2.908454227113557522e+01
-2.890445222611305098e+01
-2.872436218109055517e+01
-2.854427213606803093e+01
-2.836418209104553512e+01
-2.818409204602301088e+01
-2.800400200100051507e+01
-2.782391195597799083e+01
-2.764382191095549501e+01
-2.746373186593297078e+01
-2.728364182091047496e+01
-2.710355177588795073e+01
-2.692346173086542649e+01
-2.674337168584293067e+01
-2.656328164082040644e+01
-2.638319159579791062e+01
-2.620310155077538639e+01
-2.602301150575289057e+01
-2.584292146073036633e+01
-2.566283141570787052e+01
-2.548274137068534628e+01
-2.530265132566285047e+01
-2.512256128064032623e+01
-2.494247123561783042e+01
-2.476238119059530618e+01
-2.458229114557278194e+01
-2.440220110055028613e+01
-2.422211105552776189e+01
-2.404202101050526608e+01
-2.386193096548274184e+01
-2.368184092046024602e+01
-2.350175087543772179e+01
-2.332166083041522597e+01
-2.314157078539270174e+01
-2.296148074037020592e+01
-2.278139069534768169e+01
-2.260130065032515745e+01
-2.242121060530266163e+01
-2.224112056028013740e+01
-2.206103051525764158e+01
-2.188094047023511735e+01
-2.170085042521262153e+01
-2.152076038019009729e+01
-2.134067033516760148e+01
-2.116058029014507724e+01
-2.098049024512258143e+01
-2.080040020010005719e+01
-2.062031015507753295e+01
-2.044022011005503714e+01
-2.026013006503251290e+01
-2.008004002001001709e+01
-1.989994997498749285e+01
-1.971985992996499704e+01
-1.953976988494247280e+01
-1.935967983991997698e+01
-1.917958979489745275e+01
-1.899949974987495693e+01
-1.881940970485243270e+01
-1.863931965982993688e+01
-1.845922961480741264e+01
-1.827913956978488841e+01
-1.809904952476239259e+01
-1.791895947973986836e+01
-1.773886943471737254e+01
-1.755877938969484831e+01
-1.737868934467235249e+01
-1.719859929964982825e+01
-1.701850925462733244e+01
-1.683841920960480820e+01
-1.665832916458231239e+01
-1.647823911955978815e+01
-1.629814907453726391e+01
-1.611805902951476810e+01
-1.593796898449224386e+01
-1.575787893946974805e+01
-1.557778889444722381e+01
-1.539769884942472800e+01
-1.521760880440220376e+01
-1.503751875937970794e+01
-1.485742871435718371e+01
-1.467733866933468789e+01
-1.449724862431216366e+01
-1.431715857928963942e+01
-1.413706853426714360e+01
-1.395697848924461937e+01
-1.377688844422212355e+01
-1.359679839919959932e+01
-1.341670835417710350e+01
-1.323661830915457926e+01
-1.305652826413208345e+01
-1.287643821910955921e+01
-1.269634817408706340e+01
-1.251625812906453916e+01
-1.233616808404201493e+01
-1.215607803901951911e+01
-1.197598799399699487e+01
-1.179589794897449906e+01
-1.161580790395197482e+01
-1.143571785892947901e+01
-1.125562781390695477e+01
-1.107553776888445896e+01
-1.089544772386193472e+01
-1.071535767883943890e+01
-1.053526763381691467e+01
-1.035517758879441885e+01
-1.017508754377189462e+01
-9.994997498749370379e+00
-9.814907453726874564e+00
-9.634817408704350328e+00
-9.454727363681854513e+00
-9.274637318659330276e+00
-9.094547273636834461e+00
-8.914457228614310225e+00
-8.734367183591814410e+00
-8.554277138569290173e+00
-8.374187093546794358e+00
-8.194097048524270122e+00
-8.014007003501745885e+00
-7.833916958479250070e+00
-7.653826913456725833e+00
-7.473736868434230018e+00
-7.293646823411705782e+00
-7.113556778389209967e+00
-6.933466733366685730e+00
-6.753376688344189915e+00
-6.573286643321665679e+00
-6.393196598299169864e+00
-6.213106553276645627e+00
-6.033016508254121391e+00
-5.852926463231625576e+00
-5.672836418209101339e+00
-5.492746373186605524e+00
-5.312656328164081287e+00
-5.132566283141585473e+00
-4.952476238119061236e+00
-4.772386193096565421e+00
-4.592296148074041184e+00
-4.412206103051545369e+00
-4.232116058029021133e+00
-4.052026013006525318e+00
-3.871935967984001081e+00
-3.691845922961476845e+00
-3.511755877938981030e+00
-3.331665832916456793e+00
-3.151575787893960978e+00
-2.971485742871436742e+00
-2.791395697848940927e+00
-2.611305652826416690e+00
-2.431215607803920875e+00
-2.251125562781396638e+00
-2.071035517758900824e+00
-1.890945472736376587e+00
-1.710855427713852350e+00
-1.530765382691356535e+00
-1.350675337668832299e+00
-1.170585292646336484e+00
-9.904952476238122472e-01
-8.104052026013164323e-01
-6.303151575787921956e-01
-4.502251125562963807e-01
-2.701350675337721441e-01
-9.004502251127632917e-02
9.004502251124790746e-02
2.701350675337721441e-01
4.502251125562679590e-01
6.303151575787921956e-01
8.104052026012880106e-01
9.904952476238122472e-01
1.170585292646308062e+00
1.350675337668832299e+00
1.530765382691328114e+00
1.710855427713852350e+00
1.890945472736348165e+00
2.071035517758872402e+00
2.251125562781368217e+00
2.431215607803892453e+00
2.611305652826416690e+00
2.791395697848912505e+00
2.971485742871436742e+00
3.151575787893932556e+00
3.331665832916456793e+00
3.511755877938952608e+00
3.691845922961476845e+00
3.871935967983972660e+00
4.052026013006496896e+00
4.232116058028992711e+00
4.412206103051516948e+00
4.592296148074041184e+00
4.772386193096536999e+00
4.952476238119061236e+00
5.132566283141557051e+00
5.312656328164081287e+00
5.492746373186577102e+00
5.672836418209101339e+00
5.852926463231597154e+00
6.033016508254121391e+00
6.213106553276617205e+00
6.393196598299141442e+00
6.573286643321665679e+00
6.753376688344161494e+00
6.933466733366685730e+00
7.113556778389181545e+00
7.293646823411705782e+00
7.473736868434201597e+00
7.653826913456725833e+00
7.833916958479221648e+00
8.014007003501745885e+00
8.194097048524241700e+00
8.374187093546765936e+00
8.554277138569261751e+00
8.734367183591785988e+00
8.914457228614310225e+00
9.094547273636806040e+00
9.274637318659330276e+00
9.454727363681826091e+00
9.634817408704350328e+00
9.814907453726846143e+00
9.994997498749370379e+00
1.017508754377186619e+01
1.035517758879439043e+01
1.053526763381688625e+01
1.071535767883941048e+01
1.089544772386193472e+01
1.107553776888443053e+01
1.125562781390695477e+01
1.143571785892945059e+01
1.161580790395197482e+01
1.179589794897447064e+01
1.197598799399699487e+01
1.215607803901949069e+01
1.233616808404201493e+01
1.251625812906451074e+01
1.269634817408703498e+01
1.287643821910955921e+01
1.305652826413205503e+01
1.323661830915457926e+01
1.341670835417707508e+01
1.359679839919959932e+01
1.377688844422209513e+01
1.395697848924461937e+01
1.413706853426711518e+01
1.431715857928963942e+01
1.449724862431213523e+01
1.467733866933465947e+01
1.485742871435715529e+01
1.503751875937967952e+01
1.521760880440220376e+01
1.539769884942469957e+01
1.557778889444722381e+01
1.575787893946971963e+01
1.593796898449224386e+01
1.611805902951473968e+01
1.629814907453726391e+01
1.647823911955975973e+01
1.665832916458228397e+01
1.683841920960477978e+01
1.701850925462730402e+01
1.719859929964982825e+01
1.737868934467232407e+01
1.755877938969484831e+01
1.773886943471734412e+01
1.791895947973986836e+01
1.809904952476236417e+01
1.827913956978488841e+01
1.845922961480738422e+01
1.863931965982990846e+01
1.881940970485240427e+01
1.899949974987492851e+01
1.917958979489745275e+01
1.935967983991994856e+01
1.953976988494247280e+01
1.971985992996496861e+01
1.989994997498749285e+01
2.008004002000998867e+01
2.026013006503251290e+01
2.044022011005500872e+01
2.062031015507753295e+01
2.080040020010002877e+01
2.098049024512255301e+01
2.116058029014504882e+01
2.134067033516757306e+01
2.152076038019009729e+01
2.170085042521259311e+01
2.188094047023511735e+01
2.206103051525761316e+01
2.224112056028013740e+01
2.242121060530263321e+01
2.260130065032515745e+01
2.278139069534765326e+01
2.296148074037017750e+01
2.314157078539267332e+01
2.332166083041519755e+01
2.350175087543772179e+01
2.368184092046021760e+01
2.386193096548274184e+01
2.404202101050523765e+01
2.422211105552776189e+01
2.440220110055025771e+01
2.458229114557278194e+01
2.476238119059527776e+01
2.494247123561780199e+01
2.512256128064029781e+01
2.530265132566282205e+01
2.548274137068534628e+01
2.566283141570784210e+01
2.584292146073036633e+01
2.602301150575286215e+01
2.620310155077538639e+01
2.638319159579788220e+01
2.656328164082040644e+01
2.674337168584290225e+01
2.692346173086542649e+01
2.710355177588792230e+01
2.728364182091044654e+01
2.746373186593297078e+01
2.764382191095546659e+01
2.782391195597799083e+01
2.800400200100048664e+01
2.818409204602301088e+01
2.836418209104550670e+01
2.854427213606803093e+01
2.872436218109052675e+01
2.890445222611305098e+01
2.908454227113554680e+01
2.926463231615807103e+01
2.944472236118056685e+01
2.962481240620309109e+01
2.980490245122561532e+01
2.998499249624811114e+01
3.016508254127063537e+01
3.034517258629313119e+01
3.052526263131565543e+01
3.070535267633815124e+01
3.088544272136067548e+01
3.106553276638317129e+01
3.124562281140569553e+01
3.142571285642819134e+01
3.160580290145071558e+01
3.178589294647323982e+01
3.196598299149573563e+01
3.214607303651825987e+01
3.232616308154075568e+01
3.250625312656327992e+01
3.268634317158577574e+01
3.286643321660829997e+01
3.304652326163079579e+01
3.322661330665332002e+01
3.340670335167581584e+01
3.358679339669834008e+01
3.376688344172086431e+01
3.394697348674336013e+01
3.412706353176588436e+01
3.430715357678838018e+01
3.448724362181090441e+01
3.466733366683340023e+01
3.484742371185592447e+01
3.502751375687842028e+01
3.520760380190094452e+01
3.538769384692344033e+01
3.556778389194596457e+01
3.574787393696846038e+01
3.592796398199098462e+01
3.610805402701350886e+01
3.628814407203600467e+01
3.646823411705852891e+01
3.664832416208102472e+01
3.682841420710354896e+01
3.700850425212604478e+01
3.718859429714856901e+01
3.736868434217106483e+01
3.754877438719358906e+01
3.772886443221608488e+01
3.790895447723860912e+01
3.808904452226113335e+01
3.826913456728362917e+01
3.844922461230615340e+01
3.862931465732864922e+01
3.880940470235117346e+01
3.898949474737366927e+01
3.916958479239619351e+01
3.934967483741868932e+01
3.952976488244121356e+01
3.970985492746370937e+01
3.988994497248623361e+01
4.007003501750875785e+01
4.025012506253125366e+01
4.043021510755377790e+01
4.061030515257627371e+01
4.079039519759879795e+01
4.097048524262129376e+01
4.115057528764381800e+01
4.133066533266631382e+01
4.151075537768883805e+01
4.169084542271133387e+01
4.187093546773385810e+01
4.205102551275635392e+01
4.223111555777887816e+01
4.241120560280140239e+01
4.259129564782389821e+01
4.277138569284642244e+01
4.295147573786891826e+01
4.313156578289144250e+01
4.331165582791393831e+01
4.349174587293646255e+01
4.367183591795895836e+01
4.385192596298148260e+01
4.403201600800397841e+01
4.421210605302650265e+01
4.439219609804902689e+01
4.457228614307152270e+01
4.475237618809404694e+01
4.493246623311654275e+01
4.511255627813906699e+01
4.529264632316156280e+01
4.547273636818408704e+01
4.565282641320658286e+01
4.583291645822910709e+01
4.601300650325160291e+01
4.619309654827412714e+01
4.637318659329665138e+01
4.655327663831914720e+01
4.673336668334167143e+01
4.691345672836416725e+01
4.709354677338669148e+01
4.727363681840918730e+01
4.745372686343171154e+01
4.763381690845420735e+01
4.781390695347673159e+01
4.799399699849922740e+01
4.817408704352175164e+01
4.835417708854424745e+01
4.853426713356677169e+01
4.871435717858929593e+01
4.889444722361179174e+01
4.907453726863431598e+01
4.925462731365681179e+01
4.943471735867933603e+01
4.961480740370183184e+01
4.979489744872435608e+01
4.997498749374685190e+01
5.015507753876937613e+01
5.033516758379187195e+01
5.051525762881439618e+01
5.069534767383692042e+01
5.087543771885941624e+01
5.105552776388194047e+01
5.123561780890443629e+01
5.141570785392696052e+01
5.159579789894945634e+01
5.177588794397198058e+01
5.195597798899447639e+01
5.213606803401700063e+01
5.231615807903949644e+01
5.249624812406202068e+01
5.267633816908454492e+01
5.285642821410704073e+01
5.303651825912956497e+01
5.321660830415206078e+01
5.339669834917458502e+01
5.357678839419708083e+01
5.375687843921960507e+01
5.393696848424210089e+01
5.411705852926462512e+01
5.429714857428712094e+01
5.447723861930964517e+01
5.465732866433214099e+01
5.483741870935466522e+01
5.501750875437718946e+01
5.519759879939968528e+01
5.537768884442220951e+01
5.555777888944470533e+01
5.573786893446722956e+01
5.591795897948972538e+01
5.609804902451224962e+01
5.627813906953474543e+01
5.645822911455726967e+01
5.663831915957976548e+01
5.681840920460228972e+01
5.699849924962481396e+01
5.717858929464730977e+01
5.735867933966983401e+01
5.753876938469232982e+01
5.771885942971485406e+01
5.789894947473734987e+01
5.807903951975987411e+01
5.825912956478236993e+01
5.843921960980489416e+01
5.861930965482738998e+01
5.879939969984991421e+01
5.897948974487243845e+01
5.915957978989493427e+01
5.933966983491745850e+01
5.951975987993995432e+01
5.969984992496247855e+01
5.987993996998497437e+01
6.006003001500749860e+01
6.024012006002999442e+01
6.042021010505251866e+01
6.060030015007501447e+01
6.078039019509753871e+01
6.096048024012003452e+01
6.114057028514255876e+01
6.132066033016508300e+01
6.150075037518757881e+01
6.168084042021010305e+01
6.186093046523259886e+01
6.204102051025512310e+01
6.222111055527761891e+01
6.240120060030014315e+01
6.258129064532263897e+01
6.276138069034516320e+01
6.294147073536765902e+01
6.312156078039018325e+01
6.330165082541270749e+01
6.348174087043520331e+01
6.366183091545772754e+01
6.384192096048022336e+01
6.402201100550274759e+01
6.420210105052524341e+01
6.438219109554776765e+01
6.456228114057026346e+01
6.474237118559278770e+01
6.492246123061528351e+01
6.510255127563780775e+01
6.528264132066033198e+01
6.546273136568282780e+01
6.564282141070535204e+01
6.582291145572784785e+01
6.600300150075037209e+01
6.618309154577286790e+01
6.636318159079539214e+01
6.654327163581788795e+01
6.672336168084041219e+01
6.690345172586290801e+01
6.708354177088543224e+01
6.726363181590792806e+01
6.744372186093045229e+01
6.762381190595297653e+01
6.780390195097547235e+01
6.798399199599799658e+01
6.816408204102049240e+01
6.834417208604301663e+01
6.852426213106551245e+01
6.870435217608803669e+01
6.888444222111053250e+01
6.906453226613305674e+01
6.924462231115555255e+01
6.942471235617807679e+01
6.960480240120060103e+01
6.978489244622309684e+01
6.996498249124562108e+01
7.014507253626811689e+01
7.032516258129064113e+01
7.050525262631313694e+01
7.068534267133566118e+01
7.086543271635815699e+01
7.104552276138068123e+01
7.122561280640317705e+01
7.140570285142570128e+01
7.158579289644822552e+01
7.176588294147072133e+01
7.194597298649324557e+01
7.212606303151574139e+01
7.230615307653826562e+01
7.248624312156076144e+01
7.266633316658328567e+01
7.284642321160578149e+01
7.302651325662830573e+01
7.320660330165080154e+01
7.338669334667332578e+01
7.356678339169582159e+01
7.374687343671834583e+01
7.392696348174087007e+01
7.410705352676336588e+01
7.428714357178589012e+01
7.446723361680838593e+01
7.464732366183091017e+01
7.482741370685340598e+01
7.500750375187593022e+01
7.518759379689842604e+01
7.536768384192095027e+01
7.554777388694344609e+01
7.572786393196597032e+01
7.590795397698849456e+01
7.608804402201099037e+01
7.626813406703348619e+01
7.644822411205603885e+01
7.662831415707853466e+01
7.680840420210103048e+01
7.698849424712352629e+01
7.716858429214607895e+01
7.734867433716857477e+01
7.752876438219107058e+01
7.770885442721356640e+01
7.788894447223611905e+01
7.806903451725861487e+01
7.824912456228111068e+01
7.842921460730366334e+01
7.860930465232615916e+01
7.878939469734865497e+01
7.896948474237115079e+01
7.914957478739370345e+01
7.932966483241619926e+01
7.950975487743869508e+01
7.968984492246119089e+01
7.986993496748374355e+01
8.005002501250623936e+01
8.023011505752873518e+01
8.041020510255128784e+01
8.059029514757378365e+01
8.077038519259627947e+01
8.095047523761877528e+01
8.113056528264132794e+01
8.131065532766382375e+01
8.149074537268631957e+01
8.167083541770881538e+01
8.185092546273136804e+01
8.203101550775386386e+01
8.221110555277635967e+01
8.239119559779891233e+01
8.257128564282140815e+01
8.275137568784390396e+01
8.293146573286639978e+01
8.311155577788895243e+01
8.329164582291144825e+01
8.347173586793394406e+01
8.365182591295643988e+01
8.383191595797899254e+01
8.401200600300148835e+01
8.419209604802398417e+01
8.437218609304653683e+01
8.455227613806903264e+01
8.473236618309152846e+01
8.491245622811402427e+01
8.509254627313657693e+01
8.527263631815907274e+01
8.545272636318156856e+01
8.563281640820406437e+01
8.581290645322661703e+01
8.599299649824911285e+01
8.617308654327160866e+01
8.635317658829416132e+01
8.653326663331665713e+01
8.671335667833915295e+01
8.689344672336164876e+01
8.707353676838420142e+01
8.725362681340669724e+01
8.743371685842919305e+01
8.761380690345168887e+01
8.779389694847424153e+01
8.797398699349673734e+01
8.815407703851923316e+01
8.833416708354178581e+01
8.851425712856428163e+01
8.869434717358677744e+01
8.887443721860927326e+01
8.905452726363182592e+01
8.923461730865432173e+01
8.941470735367681755e+01
8.959479739869931336e+01
8.977488744372186602e+01
8.995497748874436184e+01
9.013506753376685765e+01
9.031515757878935347e+01
9.049524762381190612e+01
9.067533766883440194e+01
9.085542771385689775e+01
9.103551775887945041e+01
9.121560780390194623e+01
9.139569784892444204e+01
9.157578789394693786e+01
9.175587793896949051e+01
9.193596798399198633e+01
9.211605802901448214e+01
9.229614807403697796e+01
9.247623811905953062e+01
9.265632816408202643e+01
9.283641820910452225e+01
9.301650825412707491e+01
9.319659829914957072e+01
9.337668834417206654e+01
9.355677838919456235e+01
9.373686843421711501e+01
9.391695847923961082e+01
9.409704852426210664e+01
9.427713856928460245e+01
9.445722861430715511e+01
9.463731865932965093e+01
9.481740870435214674e+01
9.499749874937469940e+01
9.517758879439719522e+01
9.535767883941969103e+01
9.553776888444218685e+01
9.571785892946473950e+01
9.589794897448723532e+01
9.607803901950973113e+01
9.625812906453222695e+01
9.643821910955477961e+01
9.661830915457727542e+01
9.679839919959977124e+01
9.697848924462232389e+01
9.715857928964481971e+01
9.733866933466731552e+01
9.751875937968981134e+01
9.769884942471236400e+01
9.787893946973485981e+01
9.805902951475735563e+01
9.823911955977985144e+01
9.841920960480240410e+01
9.859929964982489992e+01
9.877938969484739573e+01
9.895947973986994839e+01
9.913956978489244420e+01
9.931965982991494002e+01
9.949974987493743583e+01
9.967983991995998849e+01
9.985992996498248431e+01
1.000400200100049801e+02
1.002201100550274759e+02
1.004002001000500286e+02
1.005802901450725244e+02
1.007603801900950202e+02
1.009404702351175729e+02
1.011205602801400687e+02
1.013006503251625645e+02
1.014807403701850603e+02
1.016608304152076130e+02
1.018409204602301088e+02
1.020210105052526046e+02
1.022011005502751004e+02
1.023811905952976531e+02
1.025612806403201489e+02
1.027413706853426447e+02
1.029214607303651974e+02
1.031015507753876932e+02
1.032816408204101890e+02
1.034617308654326848e+02
1.036418209104552375e+02
1.038219109554777333e+02
1.040020010005002291e+02
1.041820910455227249e+02
1.043621810905452776e+02
1.045422711355677734e+02
1.047223611805902692e+02
1.049024512256127650e+02
1.050825412706353177e+02
1.052626313156578135e+02
1.054427213606803093e+02
1.056228114057028620e+02
1.058029014507253578e+02
1.059829914957478536e+02
1.061630815407703494e+02
1.063431715857929021e+02
1.065232616308153979e+02
1.067033516758378937e+02
1.068834417208603895e+02
1.070635317658829422e+02
1.072436218109054380e+02
1.074237118559279338e+02
1.076038019009504865e+02
1.077838919459729823e+02
1.079639819909954781e+02
1.081440720360179739e+02
1.083241620810405266e+02
1.085042521260630224e+02
1.086843421710855182e+02
1.088644322161080140e+02
1.090445222611305667e+02
1.092246123061530625e+02
1.094047023511755583e+02
1.095847923961981110e+02
1.097648824412206068e+02
1.099449724862431026e+02
1.101250625312655984e+02
1.103051525762881511e+02
1.104852426213106469e+02
1.106653326663331427e+02
1.108454227113556385e+02
1.110255127563781912e+02
1.112056028014006870e+02
1.113856928464231828e+02
1.115657828914457355e+02
1.117458729364682313e+02
1.119259629814907271e+02
1.121060530265132229e+02
1.122861430715357756e+02
1.124662331165582714e+02
1.126463231615807672e+02
1.128264132066032630e+02
1.130065032516258157e+02
1.131865932966483115e+02
1.133666833416708073e+02
1.135467733866933600e+02
1.137268634317158558e+02
1.139069534767383516e+02
1.140870435217608474e+02
1.142671335667834001e+02
1.144472236118058959e+02
1.146273136568283917e+02
1.148074037018508875e+02
1.149874937468734402e+02
1.151675837918959360e+02
1.153476738369184318e+02
1.155277638819409844e+02
1.157078539269634803e+02
1.158879439719859761e+02
1.160680340170084719e+02
1.162481240620310246e+02
1.164282141070535204e+02
1.166083041520760162e+02
1.167883941970985120e+02
1.169684842421210647e+02
1.171485742871435605e+02
1.173286643321660563e+02
1.175087543771885521e+02
1.176888444222111048e+02
1.178689344672336006e+02
1.180490245122560964e+02
1.182291145572786490e+02
1.184092046023011449e+02
1.185892946473236407e+02
1.187693846923461365e+02
1.189494747373686891e+02
1.191295647823911850e+02
1.193096548274136808e+02
1.194897448724361766e+02
1.196698349174587293e+02
1.198499249624812251e+02
1.200300150075037209e+02
1.202101050525262735e+02
1.203901950975487694e+02
1.205702851425712652e+02
1.207503751875937610e+02
1.209304652326163136e+02
1.211105552776388095e+02
1.212906453226613053e+02
1.214707353676838011e+02
1.216508254127063537e+02
1.218309154577288496e+02
1.220110055027513454e+02
1.221910955477738980e+02
1.223711855927963938e+02
1.225512756378188897e+02
1.227313656828413855e+02
1.229114557278639381e+02
1.230915457728864340e+02
1.232716358179089298e+02
1.234517258629314256e+02
1.236318159079539782e+02
1.238119059529764741e+02
1.239919959979989699e+02
1.241720860430215225e+02
1.243521760880440183e+02
1.245322661330665142e+02
1.247123561780890100e+02
1.248924462231115626e+02
1.250725362681340584e+02
1.252526263131565543e+02
1.254327163581790501e+02
1.256128064032016027e+02
1.257928964482240985e+02
1.259729864932465944e+02
1.261530765382691470e+02
1.263331665832916428e+02
1.265132566283141387e+02
1.266933466733366345e+02
1.268734367183591871e+02
1.270535267633816829e+02
1.272336168084041788e+02
1.274137068534266746e+02
1.275937968984492272e+02
1.277738869434717230e+02
1.279539769884942189e+02
1.281340670335167715e+02
1.283141570785392673e+02
1.284942471235617631e+02
1.286743371685842590e+02
1.288544272136068116e+02
1.290345172586293074e+02
1.292146073036518032e+02
1.293946973486742991e+02
1.295747873936968517e+02
1.297548774387193475e+02
1.299349674837418434e+02
1.301150575287643392e+02
1.302951475737868918e+02
1.304752376188093876e+02
1.306553276638318835e+02
1.308354177088544361e+02
1.310155077538769319e+02
1.311955977988994277e+02
1.313756878439219236e+02
1.315557778889444762e+02
1.317358679339669720e+02
1.319159579789894678e+02
1.320960480240119637e+02
1.322761380690345163e+02
1.324562281140570121e+02
1.326363181590795080e+02
1.328164082041020606e+02
1.329964982491245564e+02
1.331765882941470522e+02
1.333566783391695481e+02
1.335367683841921007e+02
1.337168584292145965e+02
1.338969484742370923e+02
1.340770385192595882e+02
1.342571285642821408e+02
1.344372186093046366e+02
1.346173086543271324e+02
1.347973986993496851e+02
1.349774887443721809e+02
1.351575787893946767e+02
1.353376688344171725e+02
1.355177588794397252e+02
1.356978489244622210e+02
1.358779389694847168e+02
1.360580290145072127e+02
1.362381190595297653e+02
1.364182091045522611e+02
1.365982991495747569e+02
1.367783891945973096e+02
1.369584792396198054e+02
1.371385692846423012e+02
1.373186593296647970e+02
1.374987493746873497e+02
1.376788394197098455e+02
1.378589294647323413e+02
1.380390195097548371e+02
1.382191095547773898e+02
1.383991995997998856e+02
1.385792896448223814e+02
1.387593796898449341e+02
1.389394697348674299e+02
1.391195597798899257e+02
1.392996498249124215e+02
1.394797398699349742e+02
1.396598299149574700e+02
1.398399199599799658e+02
1.400200100050024616e+02
1.402001000500250143e+02
1.403801900950475101e+02
1.405602801400700059e+02
1.407403701850925586e+02
1.409204602301150544e+02
1.411005502751375502e+02
1.412806403201600460e+02
1.414607303651825987e+02
1.416408204102050945e+02
1.418209104552275903e+02
1.420010005002500861e+02
1.421810905452726388e+02
1.423611805902951346e+02
1.425412706353176304e+02
1.427213606803401262e+02
1.429014507253626789e+02
1.430815407703851747e+02
1.432616308154076705e+02
1.434417208604302232e+02
1.436218109054527190e+02
1.438019009504752148e+02
1.439819909954977106e+02
1.441620810405202633e+02
1.443421710855427591e+02
1.445222611305652549e+02
1.447023511755877507e+02
1.448824412206103034e+02
1.450625312656327992e+02
1.452426213106552950e+02
1.454227113556778477e+02
1.456028014007003435e+02
1.457828914457228393e+02
1.459629814907453351e+02
1.461430715357678878e+02
1.463231615807903836e+02
1.465032516258128794e+02
1.466833416708353752e+02
1.468634317158579279e+02
1.470435217608804237e+02
1.472236118059029195e+02
1.474037018509254722e+02
1.475837918959479680e+02
1.477638819409704638e+02
1.479439719859929596e+02
1.481240620310155123e+02
1.483041520760380081e+02
1.484842421210605039e+02
1.486643321660829997e+02
1.488444222111055524e+02
1.490245122561280482e+02
1.492046023011505440e+02
1.493846923461730967e+02
1.495647823911955925e+02
1.497448724362180883e+02
1.499249624812405841e+02
1.501050525262631368e+02
1.502851425712856326e+02
1.504652326163081284e+02
1.506453226613306242e+02
1.508254127063531769e+02
1.510055027513756727e+02
1.511855927963981685e+02
1.513656828414207212e+02
1.515457728864432170e+02
1.517258629314657128e+02
1.519059529764882086e+02
1.520860430215107613e+02
1.522661330665332571e+02
1.524462231115557529e+02
1.526263131565782487e+02
1.528064032016008014e+02
1.529864932466232972e+02
1.531665832916457930e+02
1.533466733366683457e+02
1.535267633816908415e+02
1.537068534267133373e+02
1.538869434717358331e+02
1.540670335167583858e+02
1.542471235617808816e+02
1.544272136068033774e+02
1.546073036518258732e+02
1.547873936968484259e+02
1.549674837418709217e+02
1.551475737868934175e+02
1.553276638319159701e+02
1.555077538769384660e+02
1.556878439219609618e+02
1.558679339669834576e+02
1.560480240120060103e+02
1.562281140570285061e+02
1.564082041020510019e+02
1.565882941470734977e+02
1.567683841920960504e+02
1.569484742371185462e+02
1.571285642821410420e+02
1.573086543271635378e+02
1.574887443721860905e+02
1.576688344172085863e+02
1.578489244622310821e+02
1.580290145072536347e+02
1.582091045522761306e+02
1.583891945972986264e+02
1.585692846423211222e+02
1.587493746873436749e+02
1.589294647323661707e+02
1.591095547773886665e+02
1.592896448224111623e+02
1.594697348674337150e+02
1.596498249124562108e+02
1.598299149574787066e+02
1.600100050025012592e+02
1.601900950475237551e+02
1.603701850925462509e+02
1.605502751375687467e+02
1.607303651825912993e+02
1.609104552276137952e+02
1.610905452726362910e+02
1.612706353176587868e+02
1.614507253626813394e+02
1.616308154077038353e+02
1.618109054527263311e+02
1.619909954977488837e+02
1.621710855427713796e+02
1.623511755877938754e+02
1.625312656328163712e+02
1.627113556778389238e+02
1.628914457228614197e+02
1.630715357678839155e+02
1.632516258129064113e+02
1.634317158579289639e+02
1.636118059029514598e+02
1.637918959479739556e+02
1.639719859929965082e+02
1.641520760380190040e+02
1.643321660830414999e+02
1.645122561280639957e+02
1.646923461730865483e+02
1.648724362181090441e+02
1.650525262631315400e+02
1.652326163081540358e+02
1.654127063531765884e+02
1.655927963981990843e+02
1.657728864432215801e+02
1.659529764882441327e+02
1.661330665332666285e+02
1.663131565782891244e+02
1.664932466233116202e+02
1.666733366683341728e+02
1.668534267133566686e+02
1.670335167583791645e+02
1.672136068034016603e+02
1.673936968484242129e+02
1.675737868934467087e+02
1.677538769384692046e+02
1.679339669834917572e+02
1.681140570285142530e+02
1.682941470735367488e+02
1.684742371185592447e+02
1.686543271635817973e+02
1.688344172086042931e+02
1.690145072536267890e+02
1.691945972986492848e+02
1.693746873436718374e+02
1.695547773886943332e+02
1.697348674337168291e+02
1.699149574787393249e+02
1.700950475237618775e+02
1.702751375687843733e+02
1.704552276138068692e+02
1.706353176588294218e+02
1.708154077038519176e+02
1.709954977488744134e+02
1.711755877938969093e+02
1.713556778389194619e+02
1.715357678839419577e+02
1.717158579289644535e+02
1.718959479739869494e+02
1.720760380190095020e+02
1.722561280640319978e+02
1.724362181090544937e+02
1.726163081540770463e+02
1.727963981990995421e+02
1.729764882441220379e+02
1.731565782891445338e+02
1.733366683341670864e+02
1.735167583791895822e+02
1.736968484242120780e+02
1.738769384692345739e+02
1.740570285142571265e+02
1.742371185592796223e+02
1.744172086043021181e+02
1.745972986493246708e+02
1.747773886943471666e+02
1.749574787393696624e+02
1.751375687843921582e+02
1.753176588294147109e+02
1.754977488744372067e+02
1.756778389194597025e+02
1.758579289644821984e+02
1.760380190095047510e+02
1.762181090545272468e+02
1.763981990995497426e+02
1.765782891445722953e+02
1.767583791895947911e+02
1.769384692346172869e+02
1.771185592796397827e+02
1.772986493246623354e+02
1.774787393696848312e+02
1.776588294147073270e+02
1.778389194597298228e+02
1.780190095047523755e+02
1.781990995497748713e+02
1.783791895947973671e+02
1.785592796398199198e+02
1.787393696848424156e+02
1.789194597298649114e+02
1.790995497748874072e+02
1.792796398199099599e+02
1.794597298649324557e+02
1.796398199099549515e+02
1.798199099549774473e+02
1.800000000000000000e+02
